119
1 41 -8000 10000 66000 10000 -8000 64000 66000 64000 
1 41 -10000 0 66000 0 -10000 10000 66000 10000 
1 41 -10000 -10000 42000 -10000 -10000 0 42000 0 
1 42 -16000 96000 80000 96000 -16000 210000 80000 210000 
1 43 4000 148000 14000 148000 4000 188000 14000 188000 
1 43 18000 148000 30000 148000 18000 188000 30000 188000 
1 43 34000 148000 46000 148000 34000 188000 46000 188000 
1 43 50000 148000 60000 148000 50000 188000 60000 188000 
1 43 36000 112000 46000 112000 36000 148000 46000 148000 
1 43 50000 112000 60000 112000 50000 148000 60000 148000 
1 43 40000 108000 46000 108000 40000 112000 46000 112000 
1 43 50000 108000 60000 108000 50000 112000 60000 112000 
1 43 4000 12000 14000 12000 4000 52000 14000 52000 
1 43 18000 12000 24000 12000 18000 52000 24000 52000 
1 43 28000 12000 40000 12000 28000 52000 40000 52000 
1 43 44000 12000 54000 12000 44000 52000 54000 52000 
1 43 -4000 196000 4000 196000 -4000 204000 4000 204000 
1 43 28000 196000 36000 196000 28000 204000 36000 204000 
1 43 -4000 -4000 4000 -4000 -4000 4000 4000 4000 
1 43 28000 -4000 36000 -4000 28000 4000 36000 4000 
1 44 0 144000 64000 144000 0 192000 64000 192000 
1 44 32000 108000 64000 108000 32000 144000 64000 144000 
1 44 36000 104000 64000 104000 36000 108000 64000 108000 
1 44 -8000 -8000 8000 -8000 -8000 8000 8000 8000 
1 44 24000 -8000 40000 -8000 24000 8000 40000 8000 
1 45 -8000 192000 8000 192000 -8000 208000 8000 208000 
1 45 24000 192000 40000 192000 24000 208000 40000 208000 
1 45 0 8000 58000 8000 0 56000 58000 56000 
1 46 14000 146000 18000 146000 14000 192000 18000 192000 
1 46 10000 142000 18000 142000 10000 146000 18000 146000 
1 46 10000 82000 14000 82000 10000 142000 14000 142000 
1 46 4000 74000 14000 74000 4000 82000 14000 82000 
1 46 30000 78000 34000 78000 30000 192000 34000 192000 
1 46 10000 60000 14000 60000 10000 74000 14000 74000 
1 46 24000 74000 34000 74000 24000 78000 34000 78000 
1 46 24000 70000 32000 70000 24000 74000 32000 74000 
1 46 10000 56000 18000 56000 10000 60000 18000 60000 
1 46 14000 8000 18000 8000 14000 56000 18000 56000 
1 46 24000 8000 28000 8000 24000 70000 28000 70000 
1 46 46000 66000 50000 66000 46000 192000 50000 192000 
1 46 40000 62000 50000 62000 40000 66000 50000 66000 
1 46 40000 58000 48000 58000 40000 62000 48000 62000 
1 46 40000 8000 44000 8000 40000 58000 44000 58000 
1 47 6000 76000 10000 76000 6000 80000 10000 80000 
1 47 26000 72000 30000 72000 26000 76000 30000 76000 
1 47 42000 60000 46000 60000 42000 64000 46000 64000 
1 48 -2000 198000 2000 198000 -2000 202000 2000 202000 
1 48 30000 198000 34000 198000 30000 202000 34000 202000 
1 48 6000 45000 10000 45000 6000 49000 10000 49000 
1 48 32000 44000 36000 44000 32000 48000 36000 48000 
1 48 48000 45000 52000 45000 48000 49000 52000 49000 
1 48 6000 35000 10000 35000 6000 39000 10000 39000 
1 48 32000 34000 36000 34000 32000 38000 36000 38000 
1 48 48000 35000 52000 35000 48000 39000 52000 39000 
1 48 6000 25000 10000 25000 6000 29000 10000 29000 
1 48 32000 24000 36000 24000 32000 28000 36000 28000 
1 48 48000 25000 52000 25000 48000 29000 52000 29000 
1 48 6000 15000 10000 15000 6000 19000 10000 19000 
1 48 32000 14000 36000 14000 32000 18000 36000 18000 
1 48 48000 15000 52000 15000 48000 19000 52000 19000 
1 48 6000 181000 10000 181000 6000 185000 10000 185000 
1 48 22000 181000 26000 181000 22000 185000 26000 185000 
1 48 38000 178000 42000 178000 38000 182000 42000 182000 
1 48 54000 181000 58000 181000 54000 185000 58000 185000 
1 48 6000 171000 10000 171000 6000 175000 10000 175000 
1 48 22000 171000 26000 171000 22000 175000 26000 175000 
1 48 38000 168000 42000 168000 38000 172000 42000 172000 
1 48 54000 171000 58000 171000 54000 175000 58000 175000 
1 48 6000 161000 10000 161000 6000 165000 10000 165000 
1 48 22000 161000 26000 161000 22000 165000 26000 165000 
1 48 38000 158000 42000 158000 38000 162000 42000 162000 
1 48 54000 161000 58000 161000 54000 165000 58000 165000 
1 48 6000 151000 10000 151000 6000 155000 10000 155000 
1 48 22000 151000 26000 151000 22000 155000 26000 155000 
1 48 38000 148000 42000 148000 38000 152000 42000 152000 
1 48 54000 151000 58000 151000 54000 155000 58000 155000 
1 48 38000 138000 42000 138000 38000 142000 42000 142000 
1 48 54000 141000 58000 141000 54000 145000 58000 145000 
1 48 38000 128000 42000 128000 38000 132000 42000 132000 
1 48 54000 131000 58000 131000 54000 135000 58000 135000 
1 48 38000 118000 42000 118000 38000 122000 42000 122000 
1 48 54000 121000 58000 121000 54000 125000 58000 125000 
1 48 54000 111000 58000 111000 54000 115000 58000 115000 
1 48 -2000 -2000 2000 -2000 -2000 2000 2000 2000 
1 48 30000 -2000 34000 -2000 30000 2000 34000 2000 
1 49 -4000 194000 68000 194000 -4000 206000 68000 206000 
1 49 4000 148000 12000 148000 4000 194000 12000 194000 
1 49 20000 148000 28000 148000 20000 188000 28000 188000 
1 49 22000 106000 28000 106000 22000 148000 28000 148000 
1 49 36000 112000 44000 112000 36000 194000 44000 194000 
1 49 52000 108000 60000 108000 52000 188000 60000 188000 
1 49 22000 100000 46000 100000 22000 106000 46000 106000 
1 49 20000 86000 28000 86000 20000 94000 28000 94000 
1 49 4000 66000 12000 66000 4000 82000 12000 82000 
1 49 22000 78000 28000 78000 22000 86000 28000 86000 
1 49 22000 72000 32000 72000 22000 78000 32000 78000 
1 49 24000 70000 32000 70000 24000 72000 32000 72000 
1 49 40000 66000 46000 66000 40000 100000 46000 100000 
1 49 54000 94000 60000 94000 54000 108000 60000 108000 
1 49 52000 86000 60000 86000 52000 94000 60000 94000 
1 49 40000 64000 48000 64000 40000 66000 48000 66000 
1 49 18000 60000 48000 60000 18000 64000 48000 64000 
1 49 6000 58000 48000 58000 6000 60000 48000 60000 
1 49 6000 54000 24000 54000 6000 58000 24000 58000 
1 49 6000 52000 12000 52000 6000 54000 12000 54000 
1 49 54000 52000 60000 52000 54000 86000 60000 86000 
1 49 4000 12000 12000 12000 4000 52000 12000 52000 
1 49 30000 6000 38000 6000 30000 50000 38000 50000 
1 49 46000 42000 60000 42000 46000 52000 60000 52000 
1 49 46000 12000 54000 12000 46000 42000 54000 42000 
1 49 -4000 -6000 68000 -6000 -4000 6000 68000 6000 
0 49 8000 200000 vdd
0 49 8000 0 gnd
0 49 8000 70000 A
0 49 24000 90000 B
0 49 56000 90000 Y
1 81 20000 86000 28000 86000 20000 94000 28000 94000 
1 81 52000 86000 60000 86000 52000 94000 60000 94000 
1 81 4000 66000 12000 66000 4000 74000 12000 74000 
