76
0 1 41 RGJP_7 -8000 10000 56000 10000 -8000 44000 56000 44000 
1 1 41 RGJP_7 -10000 0 56000 0 -10000 10000 56000 10000 
2 1 41 RGJP_7 -10000 -10000 42000 -10000 -10000 0 42000 0 
3 1 42 RGJP_7 -16000 96000 64000 96000 -16000 210000 64000 210000 
4 1 43 RGJP_7 4000 108000 14000 108000 4000 188000 14000 188000 
5 1 43 RGJP_7 18000 108000 24000 108000 18000 188000 24000 188000 
6 1 43 RGJP_7 28000 108000 38000 108000 28000 188000 38000 188000 
7 1 43 RGJP_7 4000 12000 14000 12000 4000 32000 14000 32000 
8 1 43 RGJP_7 18000 12000 30000 12000 18000 32000 30000 32000 
9 1 43 RGJP_7 34000 12000 44000 12000 34000 32000 44000 32000 
10 1 43 RGJP_7 -4000 196000 4000 196000 -4000 204000 4000 204000 
11 1 43 RGJP_7 28000 196000 36000 196000 28000 204000 36000 204000 
12 1 43 RGJP_7 -4000 -4000 4000 -4000 -4000 4000 4000 4000 
13 1 43 RGJP_7 28000 -4000 36000 -4000 28000 4000 36000 4000 
14 1 44 RGJP_7 0 104000 42000 104000 0 192000 42000 192000 
15 1 44 RGJP_7 -8000 -8000 8000 -8000 -8000 8000 8000 8000 
16 1 44 RGJP_7 24000 -8000 40000 -8000 24000 8000 40000 8000 
17 1 45 RGJP_7 -8000 192000 8000 192000 -8000 208000 8000 208000 
18 1 45 RGJP_7 24000 192000 40000 192000 24000 208000 40000 208000 
19 1 45 RGJP_7 0 8000 48000 8000 0 36000 48000 36000 
20 1 46 RGJP_7 14000 46000 18000 46000 14000 192000 18000 192000 
21 1 46 RGJP_7 24000 106000 28000 106000 24000 192000 28000 192000 
22 1 46 RGJP_7 24000 102000 34000 102000 24000 106000 34000 106000 
23 1 46 RGJP_7 4000 38000 18000 38000 4000 46000 18000 46000 
24 1 46 RGJP_7 14000 8000 18000 8000 14000 38000 18000 38000 
25 1 46 RGJP_7 30000 94000 44000 94000 30000 102000 44000 102000 
26 1 46 RGJP_7 30000 8000 34000 8000 30000 94000 34000 94000 
27 1 47 RGJP_7 38000 96000 42000 96000 38000 100000 42000 100000 
28 1 47 RGJP_7 6000 40000 10000 40000 6000 44000 10000 44000 
29 1 48 RGJP_7 -2000 198000 2000 198000 -2000 202000 2000 202000 
30 1 48 RGJP_7 30000 198000 34000 198000 30000 202000 34000 202000 
31 1 48 RGJP_7 6000 25000 10000 25000 6000 29000 10000 29000 
32 1 48 RGJP_7 22000 25000 26000 25000 22000 29000 26000 29000 
33 1 48 RGJP_7 38000 25000 42000 25000 38000 29000 42000 29000 
34 1 48 RGJP_7 6000 15000 10000 15000 6000 19000 10000 19000 
35 1 48 RGJP_7 22000 15000 26000 15000 22000 19000 26000 19000 
36 1 48 RGJP_7 38000 15000 42000 15000 38000 19000 42000 19000 
37 1 48 RGJP_7 6000 180000 10000 180000 6000 184000 10000 184000 
38 1 48 RGJP_7 32000 180000 36000 180000 32000 184000 36000 184000 
39 1 48 RGJP_7 6000 170000 10000 170000 6000 174000 10000 174000 
40 1 48 RGJP_7 32000 170000 36000 170000 32000 174000 36000 174000 
41 1 48 RGJP_7 6000 160000 10000 160000 6000 164000 10000 164000 
42 1 48 RGJP_7 32000 160000 36000 160000 32000 164000 36000 164000 
43 1 48 RGJP_7 6000 150000 10000 150000 6000 154000 10000 154000 
44 1 48 RGJP_7 32000 150000 36000 150000 32000 154000 36000 154000 
45 1 48 RGJP_7 6000 140000 10000 140000 6000 144000 10000 144000 
46 1 48 RGJP_7 32000 140000 36000 140000 32000 144000 36000 144000 
47 1 48 RGJP_7 6000 130000 10000 130000 6000 134000 10000 134000 
48 1 48 RGJP_7 32000 130000 36000 130000 32000 134000 36000 134000 
49 1 48 RGJP_7 6000 120000 10000 120000 6000 124000 10000 124000 
50 1 48 RGJP_7 32000 120000 36000 120000 32000 124000 36000 124000 
51 1 48 RGJP_7 6000 110000 10000 110000 6000 114000 10000 114000 
52 1 48 RGJP_7 32000 110000 36000 110000 32000 114000 36000 114000 
53 1 48 RGJP_7 -2000 -2000 2000 -2000 -2000 2000 2000 2000 
54 1 48 RGJP_7 30000 -2000 34000 -2000 30000 2000 34000 2000 
55 1 49 RGJP_7 -4000 194000 52000 194000 -4000 206000 52000 206000 
56 1 49 RGJP_7 4000 108000 12000 108000 4000 194000 12000 194000 
57 1 49 RGJP_7 30000 116000 38000 116000 30000 188000 38000 188000 
58 1 49 RGJP_7 20000 108000 38000 108000 20000 116000 38000 116000 
59 1 49 RGJP_7 22000 74000 28000 74000 22000 108000 28000 108000 
60 1 49 RGJP_7 36000 86000 44000 86000 36000 102000 44000 102000 
61 1 49 RGJP_7 20000 66000 28000 66000 20000 74000 28000 74000 
62 1 49 RGJP_7 4000 38000 12000 38000 4000 54000 12000 54000 
63 1 49 RGJP_7 22000 32000 28000 32000 22000 66000 28000 66000 
64 1 49 RGJP_7 4000 6000 12000 6000 4000 32000 12000 32000 
65 1 49 RGJP_7 20000 12000 28000 12000 20000 32000 28000 32000 
66 1 49 RGJP_7 36000 6000 44000 6000 36000 32000 44000 32000 
67 1 49 RGJP_7 -4000 -6000 52000 -6000 -4000 6000 52000 6000 
68 0 49 RGJP_7 8000 200000 vdd
69 0 49 RGJP_7 40000 90000 B
70 0 49 RGJP_7 8000 0 gnd
71 0 49 RGJP_7 24000 70000 Y
72 0 49 RGJP_7 8000 50000 A
73 1 81 RGJP_7 36000 86000 44000 86000 36000 94000 44000 94000 
74 1 81 RGJP_7 20000 66000 28000 66000 20000 74000 28000 74000 
75 1 81 RGJP_7 4000 46000 12000 46000 4000 54000 12000 54000 
