86
0 1 42 KZBF_11 -10000 96000 -10000 210000 56000 210000 56000 96000
1 1 41 KZBF_11 8000 44000 8000 64000 56000 64000 56000 44000
2 1 41 KZBF_11 -8000 10000 -8000 44000 56000 44000 56000 10000
3 1 41 KZBF_11 -10000 0 -10000 10000 56000 10000 56000 0
4 1 41 KZBF_11 -10000 -10000 -10000 0 42000 0 42000 -10000
5 1 45 KZBF_11 -8000 192000 -8000 208000 8000 208000 8000 192000
6 1 45 KZBF_11 24000 192000 24000 208000 40000 208000 40000 192000
7 1 45 KZBF_11 16000 36000 16000 56000 48000 56000 48000 36000
8 1 45 KZBF_11 0 8000 0 36000 48000 36000 48000 8000
9 1 44 KZBF_11 0 144000 0 192000 48000 192000 48000 144000
10 1 44 KZBF_11 16000 104000 16000 144000 48000 144000 48000 104000
11 1 44 KZBF_11 -8000 -8000 -8000 8000 8000 8000 8000 -8000
12 1 44 KZBF_11 24000 -8000 24000 8000 40000 8000 40000 -8000
13 1 43 KZBF_11 -4000 196000 -4000 204000 4000 204000 4000 196000
14 1 43 KZBF_11 28000 196000 28000 204000 36000 204000 36000 196000
15 1 43 KZBF_11 4000 148000 4000 188000 44000 188000 44000 148000
16 1 43 KZBF_11 20000 108000 20000 148000 44000 148000 44000 108000
17 1 43 KZBF_11 20000 32000 20000 52000 44000 52000 44000 32000
18 1 43 KZBF_11 4000 12000 4000 32000 44000 32000 44000 12000
19 1 43 KZBF_11 -4000 -4000 -4000 4000 4000 4000 4000 -4000
20 1 43 KZBF_11 28000 -4000 28000 4000 36000 4000 36000 -4000
21 1 48 KZBF_11 -2000 198000 -2000 202000 2000 202000 2000 198000
22 1 48 KZBF_11 30000 198000 30000 202000 34000 202000 34000 198000
23 1 48 KZBF_11 22000 45000 22000 49000 26000 49000 26000 45000
24 1 48 KZBF_11 38000 45000 38000 49000 42000 49000 42000 45000
25 1 48 KZBF_11 22000 35000 22000 39000 26000 39000 26000 35000
26 1 48 KZBF_11 38000 35000 38000 39000 42000 39000 42000 35000
27 1 48 KZBF_11 6000 25000 6000 29000 10000 29000 10000 25000
28 1 48 KZBF_11 22000 25000 22000 29000 26000 29000 26000 25000
29 1 48 KZBF_11 38000 25000 38000 29000 42000 29000 42000 25000
30 1 48 KZBF_11 6000 15000 6000 19000 10000 19000 10000 15000
31 1 48 KZBF_11 22000 15000 22000 19000 26000 19000 26000 15000
32 1 48 KZBF_11 38000 15000 38000 19000 42000 19000 42000 15000
33 1 48 KZBF_11 6000 181000 6000 185000 10000 185000 10000 181000
34 1 48 KZBF_11 22000 182000 22000 186000 26000 186000 26000 182000
35 1 48 KZBF_11 38000 181000 38000 185000 42000 185000 42000 181000
36 1 48 KZBF_11 6000 171000 6000 175000 10000 175000 10000 171000
37 1 48 KZBF_11 22000 172000 22000 176000 26000 176000 26000 172000
38 1 48 KZBF_11 38000 171000 38000 175000 42000 175000 42000 171000
39 1 48 KZBF_11 6000 161000 6000 165000 10000 165000 10000 161000
40 1 48 KZBF_11 22000 162000 22000 166000 26000 166000 26000 162000
41 1 48 KZBF_11 38000 161000 38000 165000 42000 165000 42000 161000
42 1 48 KZBF_11 6000 151000 6000 155000 10000 155000 10000 151000
43 1 48 KZBF_11 22000 152000 22000 156000 26000 156000 26000 152000
44 1 48 KZBF_11 38000 151000 38000 155000 42000 155000 42000 151000
45 1 48 KZBF_11 22000 142000 22000 146000 26000 146000 26000 142000
46 1 48 KZBF_11 38000 141000 38000 145000 42000 145000 42000 141000
47 1 48 KZBF_11 22000 132000 22000 136000 26000 136000 26000 132000
48 1 48 KZBF_11 38000 131000 38000 135000 42000 135000 42000 131000
49 1 48 KZBF_11 22000 122000 22000 126000 26000 126000 26000 122000
50 1 48 KZBF_11 38000 121000 38000 125000 42000 125000 42000 121000
51 1 48 KZBF_11 38000 111000 38000 115000 42000 115000 42000 111000
52 1 48 KZBF_11 -2000 -2000 -2000 2000 2000 2000 2000 -2000
53 1 48 KZBF_11 30000 -2000 30000 2000 34000 2000 34000 -2000
54 1 46 KZBF_11 14000 114000 14000 192000 18000 192000 18000 114000
55 1 46 KZBF_11 12000 110000 12000 114000 18000 114000 18000 110000
56 1 46 KZBF_11 12000 86000 12000 110000 16000 110000 16000 86000
57 1 46 KZBF_11 30000 102000 30000 192000 34000 192000 34000 102000
58 1 46 KZBF_11 24000 94000 24000 102000 34000 102000 34000 94000
59 1 46 KZBF_11 4000 82000 4000 86000 16000 86000 16000 82000
60 1 46 KZBF_11 4000 78000 4000 82000 18000 82000 18000 78000
61 1 46 KZBF_11 14000 8000 14000 78000 18000 78000 18000 8000
62 1 46 KZBF_11 30000 8000 30000 94000 34000 94000 34000 8000
63 1 47 KZBF_11 26000 96000 26000 100000 30000 100000 30000 96000
64 1 47 KZBF_11 6000 80000 6000 84000 10000 84000 10000 80000
65 1 49 KZBF_11 -4000 194000 -4000 206000 52000 206000 52000 194000
66 1 49 KZBF_11 4000 114000 4000 188000 12000 188000 12000 114000
67 1 49 KZBF_11 20000 120000 20000 194000 28000 194000 28000 120000
68 1 49 KZBF_11 4000 108000 4000 114000 26000 114000 26000 108000
69 1 49 KZBF_11 36000 108000 36000 188000 44000 188000 44000 108000
70 1 49 KZBF_11 20000 102000 20000 108000 26000 108000 26000 102000
71 1 49 KZBF_11 20000 94000 20000 102000 32000 102000 32000 94000
72 1 49 KZBF_11 4000 78000 4000 94000 12000 94000 12000 78000
73 1 49 KZBF_11 20000 64000 20000 94000 26000 94000 26000 64000
74 1 49 KZBF_11 38000 86000 38000 108000 44000 108000 44000 86000
75 1 49 KZBF_11 4000 58000 4000 64000 26000 64000 26000 58000
76 1 49 KZBF_11 4000 12000 4000 58000 12000 58000 12000 12000
77 1 49 KZBF_11 20000 6000 20000 52000 28000 52000 28000 6000
78 1 49 KZBF_11 36000 12000 36000 86000 44000 86000 44000 12000
79 1 49 KZBF_11 -4000 -6000 -4000 6000 52000 6000 52000 -6000
80 1 81 KZBF_11 4000 86000 4000 94000 12000 94000 12000 86000
81 1 81 KZBF_11 36000 66000 36000 74000 44000 74000 44000 66000
82 0 49 KZBF_11 8000 200000 vdd
83 0 49 KZBF_11 8000 0 gnd
84 0 49 KZBF_11 8000 90000 A
85 0 49 KZBF_11 40000 70000 Y
