44
0 1 41 DHEA_9 -8000 10000 40000 10000 -8000 44000 40000 44000 
1 1 41 DHEA_9 -10000 0 40000 0 -10000 10000 40000 10000 
2 1 41 DHEA_9 -10000 -10000 10000 -10000 -10000 0 10000 0 
3 1 42 DHEA_9 -18000 96000 52000 96000 -18000 210000 52000 210000 
4 1 43 DHEA_9 4000 148000 14000 148000 4000 188000 14000 188000 
5 1 43 DHEA_9 18000 148000 28000 148000 18000 188000 28000 188000 
6 1 43 DHEA_9 4000 12000 14000 12000 4000 32000 14000 32000 
7 1 43 DHEA_9 18000 12000 28000 12000 18000 32000 28000 32000 
8 1 43 DHEA_9 -4000 196000 4000 196000 -4000 204000 4000 204000 
9 1 43 DHEA_9 -4000 -4000 4000 -4000 -4000 4000 4000 4000 
10 1 44 DHEA_9 0 144000 32000 144000 0 192000 32000 192000 
11 1 44 DHEA_9 -8000 -8000 8000 -8000 -8000 8000 8000 8000 
12 1 45 DHEA_9 -8000 192000 8000 192000 -8000 208000 8000 208000 
13 1 45 DHEA_9 0 8000 32000 8000 0 36000 32000 36000 
14 1 46 DHEA_9 14000 46000 18000 46000 14000 192000 18000 192000 
15 1 46 DHEA_9 4000 38000 18000 38000 4000 46000 18000 46000 
16 1 46 DHEA_9 14000 8000 18000 8000 14000 38000 18000 38000 
17 1 47 DHEA_9 6000 40000 10000 40000 6000 44000 10000 44000 
18 1 48 DHEA_9 -2000 198000 2000 198000 -2000 202000 2000 202000 
19 1 48 DHEA_9 6000 24000 10000 24000 6000 28000 10000 28000 
20 1 48 DHEA_9 22000 24000 26000 24000 22000 28000 26000 28000 
21 1 48 DHEA_9 6000 14000 10000 14000 6000 18000 10000 18000 
22 1 48 DHEA_9 22000 14000 26000 14000 22000 18000 26000 18000 
23 1 48 DHEA_9 6000 180000 10000 180000 6000 184000 10000 184000 
24 1 48 DHEA_9 22000 180000 26000 180000 22000 184000 26000 184000 
25 1 48 DHEA_9 6000 170000 10000 170000 6000 174000 10000 174000 
26 1 48 DHEA_9 22000 170000 26000 170000 22000 174000 26000 174000 
27 1 48 DHEA_9 6000 160000 10000 160000 6000 164000 10000 164000 
28 1 48 DHEA_9 22000 160000 26000 160000 22000 164000 26000 164000 
29 1 48 DHEA_9 6000 150000 10000 150000 6000 154000 10000 154000 
30 1 48 DHEA_9 22000 150000 26000 150000 22000 154000 26000 154000 
31 1 48 DHEA_9 -2000 -2000 2000 -2000 -2000 2000 2000 2000 
32 1 49 DHEA_9 -4000 194000 36000 194000 -4000 206000 36000 206000 
33 1 49 DHEA_9 4000 148000 12000 148000 4000 194000 12000 194000 
34 1 49 DHEA_9 4000 38000 12000 38000 4000 54000 12000 54000 
35 1 49 DHEA_9 4000 6000 12000 6000 4000 32000 12000 32000 
36 1 49 DHEA_9 20000 12000 28000 12000 20000 188000 28000 188000 
37 1 49 DHEA_9 -4000 -6000 36000 -6000 -4000 6000 36000 6000 
38 0 49 DHEA_9 8000 50000 A
39 0 49 DHEA_9 24000 70000 Y
40 0 49 DHEA_9 8000 200000 vdd
41 0 49 DHEA_9 8000 0 gnd
42 1 81 DHEA_9 20000 66000 28000 66000 20000 74000 28000 74000 
43 1 81 DHEA_9 4000 46000 12000 46000 4000 54000 12000 54000 
