156
0 1 42 ZAGR_5 -14000 96000 -14000 210000 136000 210000 136000 96000
1 1 41 ZAGR_5 8000 10000 8000 44000 88000 44000 88000 10000
2 1 41 ZAGR_5 -10000 -10000 -10000 10000 106000 10000 106000 -10000
3 1 45 ZAGR_5 -8000 192000 -8000 208000 8000 208000 8000 192000
4 1 45 ZAGR_5 24000 192000 24000 208000 40000 208000 40000 192000
5 1 45 ZAGR_5 56000 192000 56000 208000 72000 208000 72000 192000
6 1 45 ZAGR_5 88000 192000 88000 208000 104000 208000 104000 192000
7 1 45 ZAGR_5 16000 8000 16000 36000 80000 36000 80000 8000
8 1 44 ZAGR_5 0 184000 0 192000 80000 192000 80000 184000
9 1 44 ZAGR_5 0 124000 0 184000 128000 184000 128000 124000
10 1 44 ZAGR_5 80000 116000 80000 124000 128000 124000 128000 116000
11 1 44 ZAGR_5 -8000 -8000 -8000 8000 8000 8000 8000 -8000
12 1 44 ZAGR_5 24000 -8000 24000 8000 40000 8000 40000 -8000
13 1 44 ZAGR_5 56000 -8000 56000 8000 72000 8000 72000 -8000
14 1 44 ZAGR_5 88000 -8000 88000 8000 104000 8000 104000 -8000
15 1 43 ZAGR_5 -4000 196000 -4000 204000 4000 204000 4000 196000
16 1 43 ZAGR_5 28000 196000 28000 204000 36000 204000 36000 196000
17 1 43 ZAGR_5 60000 196000 60000 204000 68000 204000 68000 196000
18 1 43 ZAGR_5 92000 196000 92000 204000 100000 204000 100000 196000
19 1 43 ZAGR_5 4000 130000 4000 188000 76000 188000 76000 130000
20 1 43 ZAGR_5 4000 128000 4000 130000 72000 130000 72000 128000
21 1 43 ZAGR_5 84000 120000 84000 180000 124000 180000 124000 120000
22 1 43 ZAGR_5 20000 12000 20000 32000 76000 32000 76000 12000
23 1 43 ZAGR_5 -4000 -4000 -4000 4000 4000 4000 4000 -4000
24 1 43 ZAGR_5 28000 -4000 28000 4000 36000 4000 36000 -4000
25 1 43 ZAGR_5 60000 -4000 60000 4000 68000 4000 68000 -4000
26 1 43 ZAGR_5 92000 -4000 92000 4000 100000 4000 100000 -4000
27 1 48 ZAGR_5 -2000 198000 -2000 202000 2000 202000 2000 198000
28 1 48 ZAGR_5 30000 198000 30000 202000 34000 202000 34000 198000
29 1 48 ZAGR_5 62000 198000 62000 202000 66000 202000 66000 198000
30 1 48 ZAGR_5 94000 198000 94000 202000 98000 202000 98000 198000
31 1 48 ZAGR_5 22000 25000 22000 29000 26000 29000 26000 25000
32 1 48 ZAGR_5 38000 25000 38000 29000 42000 29000 42000 25000
33 1 48 ZAGR_5 70000 25000 70000 29000 74000 29000 74000 25000
34 1 48 ZAGR_5 22000 15000 22000 19000 26000 19000 26000 15000
35 1 48 ZAGR_5 38000 15000 38000 19000 42000 19000 42000 15000
36 1 48 ZAGR_5 54000 18000 54000 22000 58000 22000 58000 18000
37 1 48 ZAGR_5 70000 15000 70000 19000 74000 19000 74000 15000
38 1 48 ZAGR_5 6000 181000 6000 185000 10000 185000 10000 181000
39 1 48 ZAGR_5 22000 181000 22000 185000 26000 185000 26000 181000
40 1 48 ZAGR_5 38000 181000 38000 185000 42000 185000 42000 181000
41 1 48 ZAGR_5 70000 182000 70000 186000 74000 186000 74000 182000
42 1 48 ZAGR_5 6000 171000 6000 175000 10000 175000 10000 171000
43 1 48 ZAGR_5 22000 171000 22000 175000 26000 175000 26000 171000
44 1 48 ZAGR_5 38000 171000 38000 175000 42000 175000 42000 171000
45 1 48 ZAGR_5 54000 170000 54000 174000 58000 174000 58000 170000
46 1 48 ZAGR_5 70000 172000 70000 176000 74000 176000 74000 172000
47 1 48 ZAGR_5 86000 173000 86000 177000 90000 177000 90000 173000
48 1 48 ZAGR_5 118000 173000 118000 177000 122000 177000 122000 173000
49 1 48 ZAGR_5 6000 161000 6000 165000 10000 165000 10000 161000
50 1 48 ZAGR_5 22000 161000 22000 165000 26000 165000 26000 161000
51 1 48 ZAGR_5 38000 161000 38000 165000 42000 165000 42000 161000
52 1 48 ZAGR_5 54000 160000 54000 164000 58000 164000 58000 160000
53 1 48 ZAGR_5 70000 162000 70000 166000 74000 166000 74000 162000
54 1 48 ZAGR_5 86000 163000 86000 167000 90000 167000 90000 163000
55 1 48 ZAGR_5 102000 166000 102000 170000 106000 170000 106000 166000
56 1 48 ZAGR_5 118000 163000 118000 167000 122000 167000 122000 163000
57 1 48 ZAGR_5 6000 151000 6000 155000 10000 155000 10000 151000
58 1 48 ZAGR_5 22000 151000 22000 155000 26000 155000 26000 151000
59 1 48 ZAGR_5 38000 151000 38000 155000 42000 155000 42000 151000
60 1 48 ZAGR_5 54000 150000 54000 154000 58000 154000 58000 150000
61 1 48 ZAGR_5 70000 152000 70000 156000 74000 156000 74000 152000
62 1 48 ZAGR_5 86000 153000 86000 157000 90000 157000 90000 153000
63 1 48 ZAGR_5 102000 156000 102000 160000 106000 160000 106000 156000
64 1 48 ZAGR_5 118000 153000 118000 157000 122000 157000 122000 153000
65 1 48 ZAGR_5 6000 141000 6000 145000 10000 145000 10000 141000
66 1 48 ZAGR_5 22000 141000 22000 145000 26000 145000 26000 141000
67 1 48 ZAGR_5 38000 141000 38000 145000 42000 145000 42000 141000
68 1 48 ZAGR_5 54000 140000 54000 144000 58000 144000 58000 140000
69 1 48 ZAGR_5 70000 142000 70000 146000 74000 146000 74000 142000
70 1 48 ZAGR_5 86000 143000 86000 147000 90000 147000 90000 143000
71 1 48 ZAGR_5 102000 146000 102000 150000 106000 150000 106000 146000
72 1 48 ZAGR_5 118000 143000 118000 147000 122000 147000 122000 143000
73 1 48 ZAGR_5 6000 131000 6000 135000 10000 135000 10000 131000
74 1 48 ZAGR_5 22000 131000 22000 135000 26000 135000 26000 131000
75 1 48 ZAGR_5 38000 131000 38000 135000 42000 135000 42000 131000
76 1 48 ZAGR_5 54000 130000 54000 134000 58000 134000 58000 130000
77 1 48 ZAGR_5 70000 132000 70000 136000 74000 136000 74000 132000
78 1 48 ZAGR_5 86000 133000 86000 137000 90000 137000 90000 133000
79 1 48 ZAGR_5 102000 136000 102000 140000 106000 140000 106000 136000
80 1 48 ZAGR_5 118000 133000 118000 137000 122000 137000 122000 133000
81 1 48 ZAGR_5 86000 123000 86000 127000 90000 127000 90000 123000
82 1 48 ZAGR_5 102000 126000 102000 130000 106000 130000 106000 126000
83 1 48 ZAGR_5 118000 123000 118000 127000 122000 127000 122000 123000
84 1 48 ZAGR_5 -2000 -2000 -2000 2000 2000 2000 2000 -2000
85 1 48 ZAGR_5 30000 -2000 30000 2000 34000 2000 34000 -2000
86 1 48 ZAGR_5 62000 -2000 62000 2000 66000 2000 66000 -2000
87 1 48 ZAGR_5 94000 -2000 94000 2000 98000 2000 98000 -2000
88 1 46 ZAGR_5 14000 126000 14000 192000 18000 192000 18000 126000
89 1 46 ZAGR_5 30000 126000 30000 192000 34000 192000 34000 126000
90 1 46 ZAGR_5 46000 126000 46000 192000 50000 192000 50000 126000
91 1 46 ZAGR_5 62000 126000 62000 192000 66000 192000 66000 126000
92 1 46 ZAGR_5 14000 122000 14000 126000 34000 126000 34000 122000
93 1 46 ZAGR_5 30000 54000 30000 122000 34000 122000 34000 54000
94 1 46 ZAGR_5 44000 122000 44000 126000 66000 126000 66000 122000
95 1 46 ZAGR_5 44000 74000 44000 122000 48000 122000 48000 74000
96 1 46 ZAGR_5 94000 118000 94000 184000 98000 184000 98000 118000
97 1 46 ZAGR_5 110000 118000 110000 184000 114000 184000 114000 118000
98 1 46 ZAGR_5 94000 114000 94000 118000 114000 118000 114000 114000
99 1 46 ZAGR_5 94000 112000 94000 114000 98000 114000 98000 112000
100 1 46 ZAGR_5 62000 108000 62000 112000 98000 112000 98000 108000
101 1 46 ZAGR_5 62000 94000 62000 108000 66000 108000 66000 94000
102 1 46 ZAGR_5 60000 86000 60000 94000 68000 94000 68000 86000
103 1 46 ZAGR_5 44000 66000 44000 74000 52000 74000 52000 66000
104 1 46 ZAGR_5 30000 46000 30000 54000 38000 54000 38000 46000
105 1 46 ZAGR_5 30000 8000 30000 46000 34000 46000 34000 8000
106 1 46 ZAGR_5 46000 8000 46000 66000 50000 66000 50000 8000
107 1 46 ZAGR_5 62000 8000 62000 86000 66000 86000 66000 8000
108 1 47 ZAGR_5 62000 88000 62000 92000 66000 92000 66000 88000
109 1 47 ZAGR_5 46000 68000 46000 72000 50000 72000 50000 68000
110 1 47 ZAGR_5 32000 48000 32000 52000 36000 52000 36000 48000
111 1 49 ZAGR_5 -4000 194000 -4000 206000 132000 206000 132000 194000
112 1 49 ZAGR_5 4000 128000 4000 188000 12000 188000 12000 128000
113 1 49 ZAGR_5 20000 128000 20000 194000 28000 194000 28000 128000
114 1 49 ZAGR_5 36000 182000 36000 188000 76000 188000 76000 182000
115 1 49 ZAGR_5 36000 128000 36000 182000 44000 182000 44000 128000
116 1 49 ZAGR_5 52000 128000 52000 176000 60000 176000 60000 128000
117 1 49 ZAGR_5 68000 130000 68000 182000 76000 182000 76000 130000
118 1 49 ZAGR_5 86000 182000 86000 188000 122000 188000 122000 182000
119 1 49 ZAGR_5 86000 180000 86000 182000 92000 182000 92000 180000
120 1 49 ZAGR_5 6000 122000 6000 128000 12000 128000 12000 122000
121 1 49 ZAGR_5 36000 122000 36000 128000 42000 128000 42000 122000
122 1 49 ZAGR_5 6000 116000 6000 122000 42000 122000 42000 116000
123 1 49 ZAGR_5 54000 124000 54000 128000 60000 128000 60000 124000
124 1 49 ZAGR_5 84000 124000 84000 180000 92000 180000 92000 124000
125 1 49 ZAGR_5 116000 180000 116000 182000 122000 182000 122000 180000
126 1 49 ZAGR_5 54000 120000 54000 124000 92000 124000 92000 120000
127 1 49 ZAGR_5 100000 120000 100000 176000 108000 176000 108000 120000
128 1 49 ZAGR_5 116000 120000 116000 180000 124000 180000 124000 120000
129 1 49 ZAGR_5 54000 118000 54000 120000 90000 120000 90000 118000
130 1 49 ZAGR_5 100000 114000 100000 120000 106000 120000 106000 114000
131 1 49 ZAGR_5 100000 112000 100000 114000 108000 114000 108000 112000
132 1 49 ZAGR_5 74000 106000 74000 112000 108000 112000 108000 106000
133 1 49 ZAGR_5 52000 86000 52000 94000 68000 94000 68000 86000
134 1 49 ZAGR_5 36000 66000 36000 74000 52000 74000 52000 66000
135 1 49 ZAGR_5 20000 46000 20000 54000 38000 54000 38000 46000
136 1 49 ZAGR_5 74000 40000 74000 106000 80000 106000 80000 40000
137 1 49 ZAGR_5 40000 34000 40000 40000 80000 40000 80000 34000
138 1 49 ZAGR_5 40000 32000 40000 34000 46000 34000 46000 32000
139 1 49 ZAGR_5 20000 6000 20000 32000 28000 32000 28000 6000
140 1 49 ZAGR_5 36000 26000 36000 32000 46000 32000 46000 26000
141 1 49 ZAGR_5 68000 32000 68000 34000 80000 34000 80000 32000
142 1 49 ZAGR_5 36000 12000 36000 26000 44000 26000 44000 12000
143 1 49 ZAGR_5 52000 6000 52000 28000 60000 28000 60000 6000
144 1 49 ZAGR_5 68000 12000 68000 32000 76000 32000 76000 12000
145 1 49 ZAGR_5 -4000 -6000 -4000 6000 132000 6000 132000 -6000
146 1 81 ZAGR_5 100000 106000 100000 114000 108000 114000 108000 106000
147 1 81 ZAGR_5 52000 86000 52000 94000 60000 94000 60000 86000
148 1 81 ZAGR_5 36000 66000 36000 74000 44000 74000 44000 66000
149 1 81 ZAGR_5 20000 46000 20000 54000 28000 54000 28000 46000
150 0 49 ZAGR_5 8000 200000 vdd
151 0 49 ZAGR_5 8000 0 gnd
152 0 49 ZAGR_5 40000 70000 B
153 0 49 ZAGR_5 56000 90000 C
154 0 49 ZAGR_5 24000 50000 A
155 0 49 ZAGR_5 104000 110000 Y
