316
0 1 41 LDCZ_1 -8000 44000 40000 44000 -8000 64000 40000 64000 
1 1 41 LDCZ_1 152000 44000 200000 44000 152000 64000 200000 64000 
2 1 41 LDCZ_1 -8000 10000 200000 10000 -8000 44000 200000 44000 
3 1 41 LDCZ_1 -10000 0 200000 0 -10000 10000 200000 10000 
4 1 41 LDCZ_1 -10000 -10000 170000 -10000 -10000 0 170000 0 
5 1 42 LDCZ_1 -16000 96000 208000 96000 -16000 210000 208000 210000 
6 1 43 LDCZ_1 4000 148000 14000 148000 4000 188000 14000 188000 
7 1 43 LDCZ_1 18000 148000 30000 148000 18000 188000 30000 188000 
8 1 43 LDCZ_1 34000 148000 42000 148000 34000 188000 42000 188000 
9 1 43 LDCZ_1 46000 148000 58000 148000 46000 188000 58000 188000 
10 1 43 LDCZ_1 62000 148000 70000 148000 62000 188000 70000 188000 
11 1 43 LDCZ_1 74000 148000 86000 148000 74000 188000 86000 188000 
12 1 43 LDCZ_1 90000 148000 100000 148000 90000 188000 100000 188000 
13 1 43 LDCZ_1 108000 168000 118000 168000 108000 188000 118000 188000 
14 1 43 LDCZ_1 122000 168000 128000 168000 122000 188000 128000 188000 
15 1 43 LDCZ_1 132000 168000 148000 168000 132000 188000 148000 188000 
16 1 43 LDCZ_1 152000 168000 158000 168000 152000 188000 158000 188000 
17 1 43 LDCZ_1 162000 168000 174000 168000 162000 188000 174000 188000 
18 1 43 LDCZ_1 178000 168000 188000 168000 178000 188000 188000 188000 
19 1 43 LDCZ_1 108000 148000 118000 148000 108000 168000 118000 168000 
20 1 43 LDCZ_1 122000 148000 128000 148000 122000 168000 128000 168000 
21 1 43 LDCZ_1 132000 148000 146000 148000 132000 168000 146000 168000 
22 1 43 LDCZ_1 4000 108000 14000 108000 4000 148000 14000 148000 
23 1 43 LDCZ_1 18000 108000 28000 108000 18000 148000 28000 148000 
24 1 43 LDCZ_1 164000 108000 174000 108000 164000 168000 174000 168000 
25 1 43 LDCZ_1 178000 108000 188000 108000 178000 168000 188000 168000 
26 1 43 LDCZ_1 4000 32000 14000 32000 4000 52000 14000 52000 
27 1 43 LDCZ_1 18000 32000 28000 32000 18000 52000 28000 52000 
28 1 43 LDCZ_1 164000 32000 174000 32000 164000 52000 174000 52000 
29 1 43 LDCZ_1 178000 32000 188000 32000 178000 52000 188000 52000 
30 1 43 LDCZ_1 4000 12000 14000 12000 4000 32000 14000 32000 
31 1 43 LDCZ_1 18000 12000 30000 12000 18000 32000 30000 32000 
32 1 43 LDCZ_1 34000 12000 40000 12000 34000 32000 40000 32000 
33 1 43 LDCZ_1 44000 12000 58000 12000 44000 32000 58000 32000 
34 1 43 LDCZ_1 62000 12000 68000 12000 62000 32000 68000 32000 
35 1 43 LDCZ_1 72000 12000 86000 12000 72000 32000 86000 32000 
36 1 43 LDCZ_1 90000 12000 100000 12000 90000 32000 100000 32000 
37 1 43 LDCZ_1 108000 12000 118000 12000 108000 32000 118000 32000 
38 1 43 LDCZ_1 122000 12000 128000 12000 122000 32000 128000 32000 
39 1 43 LDCZ_1 132000 12000 148000 12000 132000 32000 148000 32000 
40 1 43 LDCZ_1 152000 12000 158000 12000 152000 32000 158000 32000 
41 1 43 LDCZ_1 162000 12000 174000 12000 162000 32000 174000 32000 
42 1 43 LDCZ_1 178000 12000 188000 12000 178000 32000 188000 32000 
43 1 43 LDCZ_1 -4000 196000 4000 196000 -4000 204000 4000 204000 
44 1 43 LDCZ_1 28000 196000 36000 196000 28000 204000 36000 204000 
45 1 43 LDCZ_1 60000 196000 68000 196000 60000 204000 68000 204000 
46 1 43 LDCZ_1 92000 196000 100000 196000 92000 204000 100000 204000 
47 1 43 LDCZ_1 124000 196000 132000 196000 124000 204000 132000 204000 
48 1 43 LDCZ_1 156000 196000 164000 196000 156000 204000 164000 204000 
49 1 43 LDCZ_1 -4000 -4000 4000 -4000 -4000 4000 4000 4000 
50 1 43 LDCZ_1 28000 -4000 36000 -4000 28000 4000 36000 4000 
51 1 43 LDCZ_1 60000 -4000 68000 -4000 60000 4000 68000 4000 
52 1 43 LDCZ_1 92000 -4000 100000 -4000 92000 4000 100000 4000 
53 1 43 LDCZ_1 124000 -4000 132000 -4000 124000 4000 132000 4000 
54 1 43 LDCZ_1 156000 -4000 164000 -4000 156000 4000 164000 4000 
55 1 44 LDCZ_1 0 164000 192000 164000 0 192000 192000 192000 
56 1 44 LDCZ_1 0 144000 150000 144000 0 164000 150000 164000 
57 1 44 LDCZ_1 0 104000 32000 104000 0 144000 32000 144000 
58 1 44 LDCZ_1 160000 104000 192000 104000 160000 164000 192000 164000 
59 1 44 LDCZ_1 -8000 -8000 8000 -8000 -8000 8000 8000 8000 
60 1 44 LDCZ_1 24000 -8000 40000 -8000 24000 8000 40000 8000 
61 1 44 LDCZ_1 56000 -8000 72000 -8000 56000 8000 72000 8000 
62 1 44 LDCZ_1 88000 -8000 104000 -8000 88000 8000 104000 8000 
63 1 44 LDCZ_1 120000 -8000 136000 -8000 120000 8000 136000 8000 
64 1 44 LDCZ_1 152000 -8000 168000 -8000 152000 8000 168000 8000 
65 1 45 LDCZ_1 -8000 192000 8000 192000 -8000 208000 8000 208000 
66 1 45 LDCZ_1 24000 192000 40000 192000 24000 208000 40000 208000 
67 1 45 LDCZ_1 56000 192000 72000 192000 56000 208000 72000 208000 
68 1 45 LDCZ_1 88000 192000 104000 192000 88000 208000 104000 208000 
69 1 45 LDCZ_1 120000 192000 136000 192000 120000 208000 136000 208000 
70 1 45 LDCZ_1 152000 192000 168000 192000 152000 208000 168000 208000 
71 1 45 LDCZ_1 0 36000 32000 36000 0 56000 32000 56000 
72 1 45 LDCZ_1 160000 36000 192000 36000 160000 56000 192000 56000 
73 1 45 LDCZ_1 0 8000 192000 8000 0 36000 192000 36000 
74 1 46 LDCZ_1 14000 74000 18000 74000 14000 192000 18000 192000 
75 1 46 LDCZ_1 30000 92000 34000 92000 30000 192000 34000 192000 
76 1 46 LDCZ_1 26000 84000 34000 84000 26000 92000 34000 92000 
77 1 46 LDCZ_1 12000 66000 20000 66000 12000 74000 20000 74000 
78 1 46 LDCZ_1 14000 8000 18000 8000 14000 66000 18000 66000 
79 1 46 LDCZ_1 30000 8000 34000 8000 30000 84000 34000 84000 
80 1 46 LDCZ_1 42000 76000 46000 76000 42000 192000 46000 192000 
81 1 46 LDCZ_1 58000 108000 62000 108000 58000 192000 62000 192000 
82 1 46 LDCZ_1 54000 100000 62000 100000 54000 108000 62000 108000 
83 1 46 LDCZ_1 42000 68000 50000 68000 42000 76000 50000 76000 
84 1 46 LDCZ_1 58000 58000 62000 58000 58000 100000 62000 100000 
85 1 46 LDCZ_1 40000 54000 62000 54000 40000 58000 62000 58000 
86 1 46 LDCZ_1 70000 142000 74000 142000 70000 192000 74000 192000 
87 1 46 LDCZ_1 70000 134000 78000 134000 70000 142000 78000 142000 
88 1 46 LDCZ_1 40000 8000 44000 8000 40000 54000 44000 54000 
89 1 46 LDCZ_1 70000 46000 74000 46000 70000 134000 74000 134000 
90 1 46 LDCZ_1 86000 122000 90000 122000 86000 192000 90000 192000 
91 1 46 LDCZ_1 118000 146000 122000 146000 118000 192000 122000 192000 
92 1 46 LDCZ_1 100000 142000 122000 142000 100000 146000 122000 146000 
93 1 46 LDCZ_1 82000 114000 90000 114000 82000 122000 90000 122000 
94 1 46 LDCZ_1 52000 38000 62000 38000 52000 46000 62000 46000 
95 1 46 LDCZ_1 58000 8000 62000 8000 58000 38000 62000 38000 
96 1 46 LDCZ_1 68000 38000 78000 38000 68000 46000 78000 46000 
97 1 46 LDCZ_1 68000 8000 72000 8000 68000 38000 72000 38000 
98 1 46 LDCZ_1 86000 8000 90000 8000 86000 114000 90000 114000 
99 1 46 LDCZ_1 98000 134000 106000 134000 98000 142000 106000 142000 
100 1 46 LDCZ_1 98000 38000 102000 38000 98000 134000 102000 134000 
101 1 46 LDCZ_1 128000 126000 132000 126000 128000 192000 132000 192000 
102 1 46 LDCZ_1 148000 134000 152000 134000 148000 192000 152000 192000 
103 1 46 LDCZ_1 144000 130000 152000 130000 144000 134000 152000 134000 
104 1 46 LDCZ_1 110000 122000 132000 122000 110000 126000 132000 126000 
105 1 46 LDCZ_1 140000 122000 148000 122000 140000 130000 148000 130000 
106 1 46 LDCZ_1 110000 118000 118000 118000 110000 122000 118000 122000 
107 1 46 LDCZ_1 110000 66000 118000 66000 110000 74000 118000 74000 
108 1 46 LDCZ_1 114000 48000 118000 48000 114000 66000 118000 66000 
109 1 46 LDCZ_1 128000 62000 132000 62000 128000 122000 132000 122000 
110 1 46 LDCZ_1 158000 106000 162000 106000 158000 192000 162000 192000 
111 1 46 LDCZ_1 150000 102000 162000 102000 150000 106000 162000 106000 
112 1 46 LDCZ_1 146000 94000 154000 94000 146000 102000 154000 102000 
113 1 46 LDCZ_1 148000 62000 152000 62000 148000 94000 152000 94000 
114 1 46 LDCZ_1 174000 90000 178000 90000 174000 192000 178000 192000 
115 1 46 LDCZ_1 162000 82000 178000 82000 162000 90000 178000 90000 
116 1 46 LDCZ_1 128000 58000 142000 58000 128000 62000 142000 62000 
117 1 46 LDCZ_1 114000 44000 132000 44000 114000 48000 132000 48000 
118 1 46 LDCZ_1 98000 34000 122000 34000 98000 38000 122000 38000 
119 1 46 LDCZ_1 118000 8000 122000 8000 118000 34000 122000 34000 
120 1 46 LDCZ_1 128000 8000 132000 8000 128000 44000 132000 44000 
121 1 46 LDCZ_1 138000 38000 142000 38000 138000 58000 142000 58000 
122 1 46 LDCZ_1 148000 54000 162000 54000 148000 62000 162000 62000 
123 1 46 LDCZ_1 138000 34000 152000 34000 138000 38000 152000 38000 
124 1 46 LDCZ_1 148000 8000 152000 8000 148000 34000 152000 34000 
125 1 46 LDCZ_1 158000 8000 162000 8000 158000 54000 162000 54000 
126 1 46 LDCZ_1 174000 8000 178000 8000 174000 82000 178000 82000 
127 1 47 LDCZ_1 72000 136000 76000 136000 72000 140000 76000 140000 
128 1 47 LDCZ_1 100000 136000 104000 136000 100000 140000 104000 140000 
129 1 47 LDCZ_1 142000 124000 146000 124000 142000 128000 146000 128000 
130 1 47 LDCZ_1 112000 120000 116000 120000 112000 124000 116000 124000 
131 1 47 LDCZ_1 84000 116000 88000 116000 84000 120000 88000 120000 
132 1 47 LDCZ_1 56000 102000 60000 102000 56000 106000 60000 106000 
133 1 47 LDCZ_1 148000 96000 152000 96000 148000 100000 152000 100000 
134 1 47 LDCZ_1 28000 86000 32000 86000 28000 90000 32000 90000 
135 1 47 LDCZ_1 164000 84000 168000 84000 164000 88000 168000 88000 
136 1 47 LDCZ_1 14000 68000 18000 68000 14000 72000 18000 72000 
137 1 47 LDCZ_1 44000 70000 48000 70000 44000 74000 48000 74000 
138 1 47 LDCZ_1 112000 68000 116000 68000 112000 72000 116000 72000 
139 1 47 LDCZ_1 152000 56000 156000 56000 152000 60000 156000 60000 
140 1 47 LDCZ_1 54000 40000 58000 40000 54000 44000 58000 44000 
141 1 47 LDCZ_1 72000 40000 76000 40000 72000 44000 76000 44000 
142 1 48 LDCZ_1 -2000 198000 2000 198000 -2000 202000 2000 202000 
143 1 48 LDCZ_1 30000 198000 34000 198000 30000 202000 34000 202000 
144 1 48 LDCZ_1 62000 198000 66000 198000 62000 202000 66000 202000 
145 1 48 LDCZ_1 94000 198000 98000 198000 94000 202000 98000 202000 
146 1 48 LDCZ_1 126000 198000 130000 198000 126000 202000 130000 202000 
147 1 48 LDCZ_1 158000 198000 162000 198000 158000 202000 162000 202000 
148 1 48 LDCZ_1 6000 44000 10000 44000 6000 48000 10000 48000 
149 1 48 LDCZ_1 22000 44000 26000 44000 22000 48000 26000 48000 
150 1 48 LDCZ_1 166000 44000 170000 44000 166000 48000 170000 48000 
151 1 48 LDCZ_1 182000 44000 186000 44000 182000 48000 186000 48000 
152 1 48 LDCZ_1 6000 34000 10000 34000 6000 38000 10000 38000 
153 1 48 LDCZ_1 22000 34000 26000 34000 22000 38000 26000 38000 
154 1 48 LDCZ_1 166000 34000 170000 34000 166000 38000 170000 38000 
155 1 48 LDCZ_1 182000 34000 186000 34000 182000 38000 186000 38000 
156 1 48 LDCZ_1 6000 24000 10000 24000 6000 28000 10000 28000 
157 1 48 LDCZ_1 22000 24000 26000 24000 22000 28000 26000 28000 
158 1 48 LDCZ_1 50000 24000 54000 24000 50000 28000 54000 28000 
159 1 48 LDCZ_1 76000 24000 80000 24000 76000 28000 80000 28000 
160 1 48 LDCZ_1 94000 24000 98000 24000 94000 28000 98000 28000 
161 1 48 LDCZ_1 110000 24000 114000 24000 110000 28000 114000 28000 
162 1 48 LDCZ_1 138000 24000 142000 24000 138000 28000 142000 28000 
163 1 48 LDCZ_1 166000 24000 170000 24000 166000 28000 170000 28000 
164 1 48 LDCZ_1 182000 24000 186000 24000 182000 28000 186000 28000 
165 1 48 LDCZ_1 6000 14000 10000 14000 6000 18000 10000 18000 
166 1 48 LDCZ_1 22000 14000 26000 14000 22000 18000 26000 18000 
167 1 48 LDCZ_1 50000 14000 54000 14000 50000 18000 54000 18000 
168 1 48 LDCZ_1 76000 14000 80000 14000 76000 18000 80000 18000 
169 1 48 LDCZ_1 94000 14000 98000 14000 94000 18000 98000 18000 
170 1 48 LDCZ_1 110000 14000 114000 14000 110000 18000 114000 18000 
171 1 48 LDCZ_1 138000 14000 142000 14000 138000 18000 142000 18000 
172 1 48 LDCZ_1 166000 14000 170000 14000 166000 18000 170000 18000 
173 1 48 LDCZ_1 182000 14000 186000 14000 182000 18000 186000 18000 
174 1 48 LDCZ_1 6000 180000 10000 180000 6000 184000 10000 184000 
175 1 48 LDCZ_1 22000 182000 26000 182000 22000 186000 26000 186000 
176 1 48 LDCZ_1 50000 180000 54000 180000 50000 184000 54000 184000 
177 1 48 LDCZ_1 78000 180000 82000 180000 78000 184000 82000 184000 
178 1 48 LDCZ_1 94000 180000 98000 180000 94000 184000 98000 184000 
179 1 48 LDCZ_1 110000 180000 114000 180000 110000 184000 114000 184000 
180 1 48 LDCZ_1 138000 180000 142000 180000 138000 184000 142000 184000 
181 1 48 LDCZ_1 166000 180000 170000 180000 166000 184000 170000 184000 
182 1 48 LDCZ_1 182000 180000 186000 180000 182000 184000 186000 184000 
183 1 48 LDCZ_1 6000 170000 10000 170000 6000 174000 10000 174000 
184 1 48 LDCZ_1 22000 172000 26000 172000 22000 176000 26000 176000 
185 1 48 LDCZ_1 50000 170000 54000 170000 50000 174000 54000 174000 
186 1 48 LDCZ_1 78000 170000 82000 170000 78000 174000 82000 174000 
187 1 48 LDCZ_1 94000 170000 98000 170000 94000 174000 98000 174000 
188 1 48 LDCZ_1 110000 170000 114000 170000 110000 174000 114000 174000 
189 1 48 LDCZ_1 138000 170000 142000 170000 138000 174000 142000 174000 
190 1 48 LDCZ_1 166000 170000 170000 170000 166000 174000 170000 174000 
191 1 48 LDCZ_1 182000 170000 186000 170000 182000 174000 186000 174000 
192 1 48 LDCZ_1 6000 160000 10000 160000 6000 164000 10000 164000 
193 1 48 LDCZ_1 22000 162000 26000 162000 22000 166000 26000 166000 
194 1 48 LDCZ_1 50000 160000 54000 160000 50000 164000 54000 164000 
195 1 48 LDCZ_1 78000 160000 82000 160000 78000 164000 82000 164000 
196 1 48 LDCZ_1 94000 160000 98000 160000 94000 164000 98000 164000 
197 1 48 LDCZ_1 110000 160000 114000 160000 110000 164000 114000 164000 
198 1 48 LDCZ_1 138000 160000 142000 160000 138000 164000 142000 164000 
199 1 48 LDCZ_1 166000 160000 170000 160000 166000 164000 170000 164000 
200 1 48 LDCZ_1 182000 160000 186000 160000 182000 164000 186000 164000 
201 1 48 LDCZ_1 6000 150000 10000 150000 6000 154000 10000 154000 
202 1 48 LDCZ_1 22000 152000 26000 152000 22000 156000 26000 156000 
203 1 48 LDCZ_1 50000 150000 54000 150000 50000 154000 54000 154000 
204 1 48 LDCZ_1 78000 150000 82000 150000 78000 154000 82000 154000 
205 1 48 LDCZ_1 94000 150000 98000 150000 94000 154000 98000 154000 
206 1 48 LDCZ_1 110000 150000 114000 150000 110000 154000 114000 154000 
207 1 48 LDCZ_1 138000 150000 142000 150000 138000 154000 142000 154000 
208 1 48 LDCZ_1 166000 150000 170000 150000 166000 154000 170000 154000 
209 1 48 LDCZ_1 182000 150000 186000 150000 182000 154000 186000 154000 
210 1 48 LDCZ_1 6000 140000 10000 140000 6000 144000 10000 144000 
211 1 48 LDCZ_1 22000 142000 26000 142000 22000 146000 26000 146000 
212 1 48 LDCZ_1 166000 140000 170000 140000 166000 144000 170000 144000 
213 1 48 LDCZ_1 182000 140000 186000 140000 182000 144000 186000 144000 
214 1 48 LDCZ_1 6000 130000 10000 130000 6000 134000 10000 134000 
215 1 48 LDCZ_1 22000 132000 26000 132000 22000 136000 26000 136000 
216 1 48 LDCZ_1 166000 130000 170000 130000 166000 134000 170000 134000 
217 1 48 LDCZ_1 182000 130000 186000 130000 182000 134000 186000 134000 
218 1 48 LDCZ_1 6000 120000 10000 120000 6000 124000 10000 124000 
219 1 48 LDCZ_1 22000 122000 26000 122000 22000 126000 26000 126000 
220 1 48 LDCZ_1 166000 120000 170000 120000 166000 124000 170000 124000 
221 1 48 LDCZ_1 182000 120000 186000 120000 182000 124000 186000 124000 
222 1 48 LDCZ_1 6000 110000 10000 110000 6000 114000 10000 114000 
223 1 48 LDCZ_1 22000 112000 26000 112000 22000 116000 26000 116000 
224 1 48 LDCZ_1 166000 110000 170000 110000 166000 114000 170000 114000 
225 1 48 LDCZ_1 182000 110000 186000 110000 182000 114000 186000 114000 
226 1 48 LDCZ_1 -2000 -2000 2000 -2000 -2000 2000 2000 2000 
227 1 48 LDCZ_1 30000 -2000 34000 -2000 30000 2000 34000 2000 
228 1 48 LDCZ_1 62000 -2000 66000 -2000 62000 2000 66000 2000 
229 1 48 LDCZ_1 94000 -2000 98000 -2000 94000 2000 98000 2000 
230 1 48 LDCZ_1 126000 -2000 130000 -2000 126000 2000 130000 2000 
231 1 48 LDCZ_1 158000 -2000 162000 -2000 158000 2000 162000 2000 
232 1 49 LDCZ_1 -4000 194000 196000 194000 -4000 206000 196000 206000 
233 1 49 LDCZ_1 4000 104000 12000 104000 4000 188000 12000 188000 
234 1 49 LDCZ_1 20000 110000 28000 110000 20000 194000 28000 194000 
235 1 49 LDCZ_1 48000 154000 56000 154000 48000 188000 56000 188000 
236 1 49 LDCZ_1 36000 148000 56000 148000 36000 154000 56000 154000 
237 1 49 LDCZ_1 76000 148000 84000 148000 76000 194000 84000 194000 
238 1 49 LDCZ_1 92000 148000 100000 148000 92000 188000 100000 188000 
239 1 49 LDCZ_1 108000 148000 116000 148000 108000 194000 116000 194000 
240 1 49 LDCZ_1 134000 148000 146000 148000 134000 188000 146000 188000 
241 1 49 LDCZ_1 36000 140000 44000 140000 36000 148000 44000 148000 
242 1 49 LDCZ_1 92000 142000 98000 142000 92000 148000 98000 148000 
243 1 49 LDCZ_1 70000 136000 106000 136000 70000 142000 106000 142000 
244 1 49 LDCZ_1 132000 140000 140000 140000 132000 148000 140000 148000 
245 1 49 LDCZ_1 70000 134000 78000 134000 70000 136000 78000 136000 
246 1 49 LDCZ_1 98000 134000 106000 134000 98000 136000 106000 136000 
247 1 49 LDCZ_1 36000 120000 44000 120000 36000 122000 44000 122000 
248 1 49 LDCZ_1 82000 120000 90000 120000 82000 122000 90000 122000 
249 1 49 LDCZ_1 36000 114000 90000 114000 36000 120000 90000 120000 
250 1 49 LDCZ_1 96000 120000 118000 120000 96000 126000 118000 126000 
251 1 49 LDCZ_1 96000 108000 102000 108000 96000 120000 102000 120000 
252 1 49 LDCZ_1 110000 118000 118000 118000 110000 120000 118000 120000 
253 1 49 LDCZ_1 134000 122000 148000 122000 134000 130000 148000 130000 
254 1 49 LDCZ_1 134000 112000 140000 112000 134000 122000 140000 122000 
255 1 49 LDCZ_1 54000 104000 102000 104000 54000 108000 102000 108000 
256 1 49 LDCZ_1 4000 102000 102000 102000 4000 104000 102000 104000 
257 1 49 LDCZ_1 116000 106000 140000 106000 116000 112000 140000 112000 
258 1 49 LDCZ_1 164000 108000 172000 108000 164000 194000 172000 194000 
259 1 49 LDCZ_1 4000 100000 62000 100000 4000 102000 62000 102000 
260 1 49 LDCZ_1 4000 98000 60000 98000 4000 100000 60000 100000 
261 1 49 LDCZ_1 68000 92000 76000 92000 68000 94000 76000 94000 
262 1 49 LDCZ_1 26000 86000 76000 86000 26000 92000 76000 92000 
263 1 49 LDCZ_1 26000 84000 34000 84000 26000 86000 34000 86000 
264 1 49 LDCZ_1 42000 74000 50000 74000 42000 76000 50000 76000 
265 1 49 LDCZ_1 116000 74000 122000 74000 116000 106000 122000 106000 
266 1 49 LDCZ_1 180000 102000 188000 102000 180000 188000 188000 188000 
267 1 49 LDCZ_1 146000 96000 188000 96000 146000 102000 188000 102000 
268 1 49 LDCZ_1 146000 94000 154000 94000 146000 96000 154000 96000 
269 1 49 LDCZ_1 162000 88000 170000 88000 162000 90000 170000 90000 
270 1 49 LDCZ_1 132000 82000 170000 82000 132000 88000 170000 88000 
271 1 49 LDCZ_1 132000 80000 140000 80000 132000 82000 140000 82000 
272 1 49 LDCZ_1 12000 68000 122000 68000 12000 74000 122000 74000 
273 1 49 LDCZ_1 12000 66000 28000 66000 12000 68000 28000 68000 
274 1 49 LDCZ_1 4000 12000 12000 12000 4000 60000 12000 60000 
275 1 49 LDCZ_1 20000 6000 28000 6000 20000 52000 28000 52000 
276 1 49 LDCZ_1 54000 46000 60000 46000 54000 68000 60000 68000 
277 1 49 LDCZ_1 110000 66000 118000 66000 110000 68000 118000 68000 
278 1 49 LDCZ_1 180000 62000 188000 62000 180000 96000 188000 96000 
279 1 49 LDCZ_1 150000 56000 188000 56000 150000 62000 188000 62000 
280 1 49 LDCZ_1 150000 54000 158000 54000 150000 56000 158000 56000 
281 1 49 LDCZ_1 36000 32000 44000 32000 36000 40000 44000 40000 
282 1 49 LDCZ_1 52000 38000 60000 38000 52000 46000 60000 46000 
283 1 49 LDCZ_1 70000 44000 78000 44000 70000 46000 78000 46000 
284 1 49 LDCZ_1 70000 38000 98000 38000 70000 44000 98000 44000 
285 1 49 LDCZ_1 92000 32000 98000 32000 92000 38000 98000 38000 
286 1 49 LDCZ_1 132000 32000 140000 32000 132000 40000 140000 40000 
287 1 49 LDCZ_1 36000 26000 56000 26000 36000 32000 56000 32000 
288 1 49 LDCZ_1 48000 12000 56000 12000 48000 26000 56000 26000 
289 1 49 LDCZ_1 74000 6000 84000 6000 74000 32000 84000 32000 
290 1 49 LDCZ_1 92000 12000 100000 12000 92000 32000 100000 32000 
291 1 49 LDCZ_1 108000 6000 116000 6000 108000 32000 116000 32000 
292 1 49 LDCZ_1 132000 26000 146000 26000 132000 32000 146000 32000 
293 1 49 LDCZ_1 134000 12000 146000 12000 134000 26000 146000 26000 
294 1 49 LDCZ_1 164000 6000 172000 6000 164000 50000 172000 50000 
295 1 49 LDCZ_1 180000 12000 188000 12000 180000 56000 188000 56000 
296 1 49 LDCZ_1 -4000 -6000 196000 -6000 -4000 6000 196000 6000 
297 0 49 LDCZ_1 8000 200000 vdd
298 0 49 LDCZ_1 72000 90000 D
299 0 49 LDCZ_1 8000 0 gnd
300 0 49 LDCZ_1 184000 90000 Q
301 0 49 LDCZ_1 24000 70000 CLK
302 1 50 LDCZ_1 38000 142000 42000 142000 38000 146000 42000 146000 
303 1 50 LDCZ_1 134000 142000 138000 142000 134000 146000 138000 146000 
304 1 50 LDCZ_1 38000 116000 42000 116000 38000 120000 42000 120000 
305 1 50 LDCZ_1 6000 102000 10000 102000 6000 106000 10000 106000 
306 1 50 LDCZ_1 134000 82000 138000 82000 134000 86000 138000 86000 
307 1 50 LDCZ_1 6000 54000 10000 54000 6000 58000 10000 58000 
308 1 50 LDCZ_1 38000 34000 42000 34000 38000 38000 42000 38000 
309 1 50 LDCZ_1 134000 34000 138000 34000 134000 38000 138000 38000 
310 1 51 LDCZ_1 4000 52000 12000 52000 4000 108000 12000 108000 
311 1 51 LDCZ_1 36000 32000 44000 32000 36000 148000 44000 148000 
312 1 51 LDCZ_1 132000 32000 140000 32000 132000 148000 140000 148000 
313 1 81 LDCZ_1 68000 86000 76000 86000 68000 94000 76000 94000 
314 1 81 LDCZ_1 180000 86000 188000 86000 180000 94000 188000 94000 
315 1 81 LDCZ_1 20000 66000 28000 66000 20000 74000 28000 74000 
