72
0 1 42 RGJP_7 -16000 96000 -16000 210000 64000 210000 64000 96000
1 1 41 RGJP_7 -8000 10000 -8000 44000 56000 44000 56000 10000
2 1 41 RGJP_7 -10000 0 -10000 10000 56000 10000 56000 0
3 1 41 RGJP_7 -10000 -10000 -10000 0 42000 0 42000 -10000
4 1 45 RGJP_7 -8000 192000 -8000 208000 8000 208000 8000 192000
5 1 45 RGJP_7 24000 192000 24000 208000 40000 208000 40000 192000
6 1 45 RGJP_7 0 8000 0 36000 48000 36000 48000 8000
7 1 44 RGJP_7 0 104000 0 192000 42000 192000 42000 104000
8 1 44 RGJP_7 -8000 -8000 -8000 8000 8000 8000 8000 -8000
9 1 44 RGJP_7 24000 -8000 24000 8000 40000 8000 40000 -8000
10 1 43 RGJP_7 -4000 196000 -4000 204000 4000 204000 4000 196000
11 1 43 RGJP_7 28000 196000 28000 204000 36000 204000 36000 196000
12 1 43 RGJP_7 4000 108000 4000 188000 38000 188000 38000 108000
13 1 43 RGJP_7 4000 12000 4000 32000 44000 32000 44000 12000
14 1 43 RGJP_7 -4000 -4000 -4000 4000 4000 4000 4000 -4000
15 1 43 RGJP_7 28000 -4000 28000 4000 36000 4000 36000 -4000
16 1 48 RGJP_7 -2000 198000 -2000 202000 2000 202000 2000 198000
17 1 48 RGJP_7 30000 198000 30000 202000 34000 202000 34000 198000
18 1 48 RGJP_7 6000 25000 6000 29000 10000 29000 10000 25000
19 1 48 RGJP_7 22000 25000 22000 29000 26000 29000 26000 25000
20 1 48 RGJP_7 38000 25000 38000 29000 42000 29000 42000 25000
21 1 48 RGJP_7 6000 15000 6000 19000 10000 19000 10000 15000
22 1 48 RGJP_7 22000 15000 22000 19000 26000 19000 26000 15000
23 1 48 RGJP_7 38000 15000 38000 19000 42000 19000 42000 15000
24 1 48 RGJP_7 6000 180000 6000 184000 10000 184000 10000 180000
25 1 48 RGJP_7 32000 180000 32000 184000 36000 184000 36000 180000
26 1 48 RGJP_7 6000 170000 6000 174000 10000 174000 10000 170000
27 1 48 RGJP_7 32000 170000 32000 174000 36000 174000 36000 170000
28 1 48 RGJP_7 6000 160000 6000 164000 10000 164000 10000 160000
29 1 48 RGJP_7 32000 160000 32000 164000 36000 164000 36000 160000
30 1 48 RGJP_7 6000 150000 6000 154000 10000 154000 10000 150000
31 1 48 RGJP_7 32000 150000 32000 154000 36000 154000 36000 150000
32 1 48 RGJP_7 6000 140000 6000 144000 10000 144000 10000 140000
33 1 48 RGJP_7 32000 140000 32000 144000 36000 144000 36000 140000
34 1 48 RGJP_7 6000 130000 6000 134000 10000 134000 10000 130000
35 1 48 RGJP_7 32000 130000 32000 134000 36000 134000 36000 130000
36 1 48 RGJP_7 6000 120000 6000 124000 10000 124000 10000 120000
37 1 48 RGJP_7 32000 120000 32000 124000 36000 124000 36000 120000
38 1 48 RGJP_7 6000 110000 6000 114000 10000 114000 10000 110000
39 1 48 RGJP_7 32000 110000 32000 114000 36000 114000 36000 110000
40 1 48 RGJP_7 -2000 -2000 -2000 2000 2000 2000 2000 -2000
41 1 48 RGJP_7 30000 -2000 30000 2000 34000 2000 34000 -2000
42 1 46 RGJP_7 14000 46000 14000 192000 18000 192000 18000 46000
43 1 46 RGJP_7 24000 106000 24000 192000 28000 192000 28000 106000
44 1 46 RGJP_7 24000 102000 24000 106000 34000 106000 34000 102000
45 1 46 RGJP_7 4000 38000 4000 46000 18000 46000 18000 38000
46 1 46 RGJP_7 14000 8000 14000 38000 18000 38000 18000 8000
47 1 46 RGJP_7 30000 94000 30000 102000 44000 102000 44000 94000
48 1 46 RGJP_7 30000 8000 30000 94000 34000 94000 34000 8000
49 1 47 RGJP_7 38000 96000 38000 100000 42000 100000 42000 96000
50 1 47 RGJP_7 6000 40000 6000 44000 10000 44000 10000 40000
51 1 49 RGJP_7 -4000 194000 -4000 206000 52000 206000 52000 194000
52 1 49 RGJP_7 4000 108000 4000 194000 12000 194000 12000 108000
53 1 49 RGJP_7 30000 116000 30000 188000 38000 188000 38000 116000
54 1 49 RGJP_7 20000 108000 20000 116000 38000 116000 38000 108000
55 1 49 RGJP_7 22000 74000 22000 108000 28000 108000 28000 74000
56 1 49 RGJP_7 36000 86000 36000 102000 44000 102000 44000 86000
57 1 49 RGJP_7 20000 66000 20000 74000 28000 74000 28000 66000
58 1 49 RGJP_7 4000 38000 4000 54000 12000 54000 12000 38000
59 1 49 RGJP_7 22000 32000 22000 66000 28000 66000 28000 32000
60 1 49 RGJP_7 4000 6000 4000 32000 12000 32000 12000 6000
61 1 49 RGJP_7 20000 12000 20000 32000 28000 32000 28000 12000
62 1 49 RGJP_7 36000 6000 36000 32000 44000 32000 44000 6000
63 1 49 RGJP_7 -4000 -6000 -4000 6000 52000 6000 52000 -6000
64 1 81 RGJP_7 36000 86000 36000 94000 44000 94000 44000 86000
65 1 81 RGJP_7 20000 66000 20000 74000 28000 74000 28000 66000
66 1 81 RGJP_7 4000 46000 4000 54000 12000 54000 12000 46000
67 0 49 RGJP_7 8000 200000 vdd
68 0 49 RGJP_7 40000 90000 B
69 0 49 RGJP_7 8000 0 gnd
70 0 49 RGJP_7 24000 70000 Y
71 0 49 RGJP_7 8000 50000 A
