111
0 1 42 SSNP_13 -18000 96000 -18000 210000 74000 210000 74000 96000
1 1 41 SSNP_13 8000 54000 8000 64000 72000 64000 72000 54000
2 1 41 SSNP_13 -8000 10000 -8000 54000 72000 54000 72000 10000
3 1 41 SSNP_13 -10000 0 -10000 10000 72000 10000 72000 0
4 1 41 SSNP_13 -10000 -10000 -10000 0 42000 0 42000 -10000
5 1 45 SSNP_13 -8000 192000 -8000 208000 8000 208000 8000 192000
6 1 45 SSNP_13 24000 192000 24000 208000 40000 208000 40000 192000
7 1 45 SSNP_13 16000 46000 16000 56000 64000 56000 64000 46000
8 1 45 SSNP_13 0 8000 0 46000 64000 46000 64000 8000
9 1 44 SSNP_13 0 124000 0 192000 64000 192000 64000 124000
10 1 44 SSNP_13 16000 104000 16000 124000 64000 124000 64000 104000
11 1 44 SSNP_13 -8000 -8000 -8000 8000 8000 8000 8000 -8000
12 1 44 SSNP_13 24000 -8000 24000 8000 40000 8000 40000 -8000
13 1 43 SSNP_13 -4000 196000 -4000 204000 4000 204000 4000 196000
14 1 43 SSNP_13 28000 196000 28000 204000 36000 204000 36000 196000
15 1 43 SSNP_13 4000 128000 4000 188000 60000 188000 60000 128000
16 1 43 SSNP_13 20000 108000 20000 128000 60000 128000 60000 108000
17 1 43 SSNP_13 20000 42000 20000 52000 60000 52000 60000 42000
18 1 43 SSNP_13 4000 12000 4000 42000 60000 42000 60000 12000
19 1 43 SSNP_13 -4000 -4000 -4000 4000 4000 4000 4000 -4000
20 1 43 SSNP_13 28000 -4000 28000 4000 36000 4000 36000 -4000
21 1 48 SSNP_13 -2000 198000 -2000 202000 2000 202000 2000 198000
22 1 48 SSNP_13 30000 198000 30000 202000 34000 202000 34000 198000
23 1 48 SSNP_13 22000 45000 22000 49000 26000 49000 26000 45000
24 1 48 SSNP_13 38000 45000 38000 49000 42000 49000 42000 45000
25 1 48 SSNP_13 54000 45000 54000 49000 58000 49000 58000 45000
26 1 48 SSNP_13 6000 35000 6000 39000 10000 39000 10000 35000
27 1 48 SSNP_13 22000 35000 22000 39000 26000 39000 26000 35000
28 1 48 SSNP_13 38000 35000 38000 39000 42000 39000 42000 35000
29 1 48 SSNP_13 54000 35000 54000 39000 58000 39000 58000 35000
30 1 48 SSNP_13 6000 25000 6000 29000 10000 29000 10000 25000
31 1 48 SSNP_13 22000 25000 22000 29000 26000 29000 26000 25000
32 1 48 SSNP_13 38000 25000 38000 29000 42000 29000 42000 25000
33 1 48 SSNP_13 54000 25000 54000 29000 58000 29000 58000 25000
34 1 48 SSNP_13 6000 15000 6000 19000 10000 19000 10000 15000
35 1 48 SSNP_13 22000 15000 22000 19000 26000 19000 26000 15000
36 1 48 SSNP_13 38000 15000 38000 19000 42000 19000 42000 15000
37 1 48 SSNP_13 54000 15000 54000 19000 58000 19000 58000 15000
38 1 48 SSNP_13 6000 181000 6000 185000 10000 185000 10000 181000
39 1 48 SSNP_13 22000 182000 22000 186000 26000 186000 26000 182000
40 1 48 SSNP_13 38000 181000 38000 185000 42000 185000 42000 181000
41 1 48 SSNP_13 54000 181000 54000 185000 58000 185000 58000 181000
42 1 48 SSNP_13 6000 171000 6000 175000 10000 175000 10000 171000
43 1 48 SSNP_13 22000 172000 22000 176000 26000 176000 26000 172000
44 1 48 SSNP_13 38000 171000 38000 175000 42000 175000 42000 171000
45 1 48 SSNP_13 54000 171000 54000 175000 58000 175000 58000 171000
46 1 48 SSNP_13 6000 161000 6000 165000 10000 165000 10000 161000
47 1 48 SSNP_13 22000 162000 22000 166000 26000 166000 26000 162000
48 1 48 SSNP_13 38000 161000 38000 165000 42000 165000 42000 161000
49 1 48 SSNP_13 54000 161000 54000 165000 58000 165000 58000 161000
50 1 48 SSNP_13 6000 151000 6000 155000 10000 155000 10000 151000
51 1 48 SSNP_13 22000 152000 22000 156000 26000 156000 26000 152000
52 1 48 SSNP_13 38000 151000 38000 155000 42000 155000 42000 151000
53 1 48 SSNP_13 54000 151000 54000 155000 58000 155000 58000 151000
54 1 48 SSNP_13 6000 141000 6000 145000 10000 145000 10000 141000
55 1 48 SSNP_13 22000 142000 22000 146000 26000 146000 26000 142000
56 1 48 SSNP_13 38000 141000 38000 145000 42000 145000 42000 141000
57 1 48 SSNP_13 54000 141000 54000 145000 58000 145000 58000 141000
58 1 48 SSNP_13 6000 131000 6000 135000 10000 135000 10000 131000
59 1 48 SSNP_13 22000 132000 22000 136000 26000 136000 26000 132000
60 1 48 SSNP_13 38000 131000 38000 135000 42000 135000 42000 131000
61 1 48 SSNP_13 54000 131000 54000 135000 58000 135000 58000 131000
62 1 48 SSNP_13 22000 122000 22000 126000 26000 126000 26000 122000
63 1 48 SSNP_13 38000 121000 38000 125000 42000 125000 42000 121000
64 1 48 SSNP_13 54000 121000 54000 125000 58000 125000 58000 121000
65 1 48 SSNP_13 38000 111000 38000 115000 42000 115000 42000 111000
66 1 48 SSNP_13 54000 111000 54000 115000 58000 115000 58000 111000
67 1 48 SSNP_13 -2000 -2000 -2000 2000 2000 2000 2000 -2000
68 1 48 SSNP_13 30000 -2000 30000 2000 34000 2000 34000 -2000
69 1 46 SSNP_13 14000 86000 14000 192000 18000 192000 18000 86000
70 1 46 SSNP_13 30000 106000 30000 192000 34000 192000 34000 106000
71 1 46 SSNP_13 46000 106000 46000 192000 50000 192000 50000 106000
72 1 46 SSNP_13 30000 102000 30000 106000 50000 106000 50000 102000
73 1 46 SSNP_13 30000 88000 30000 102000 34000 102000 34000 88000
74 1 46 SSNP_13 6000 78000 6000 86000 18000 86000 18000 78000
75 1 46 SSNP_13 26000 80000 26000 88000 34000 88000 34000 80000
76 1 46 SSNP_13 14000 8000 14000 78000 18000 78000 18000 8000
77 1 46 SSNP_13 30000 58000 30000 80000 34000 80000 34000 58000
78 1 46 SSNP_13 30000 54000 30000 58000 50000 58000 50000 54000
79 1 46 SSNP_13 30000 8000 30000 54000 34000 54000 34000 8000
80 1 46 SSNP_13 46000 8000 46000 54000 50000 54000 50000 8000
81 1 47 SSNP_13 8000 80000 8000 84000 12000 84000 12000 80000
82 1 47 SSNP_13 28000 82000 28000 86000 32000 86000 32000 82000
83 1 49 SSNP_13 -4000 194000 -4000 206000 68000 206000 68000 194000
84 1 49 SSNP_13 4000 114000 4000 188000 12000 188000 12000 114000
85 1 49 SSNP_13 20000 120000 20000 194000 28000 194000 28000 120000
86 1 49 SSNP_13 36000 118000 36000 188000 44000 188000 44000 118000
87 1 49 SSNP_13 4000 108000 4000 114000 30000 114000 30000 108000
88 1 49 SSNP_13 36000 108000 36000 118000 46000 118000 46000 108000
89 1 49 SSNP_13 52000 108000 52000 194000 60000 194000 60000 108000
90 1 49 SSNP_13 4000 86000 4000 94000 14000 94000 14000 86000
91 1 49 SSNP_13 6000 78000 6000 86000 14000 86000 14000 78000
92 1 49 SSNP_13 24000 88000 24000 108000 30000 108000 30000 88000
93 1 49 SSNP_13 24000 80000 24000 88000 34000 88000 34000 80000
94 1 49 SSNP_13 24000 64000 24000 80000 30000 80000 30000 64000
95 1 49 SSNP_13 40000 74000 40000 108000 46000 108000 46000 74000
96 1 49 SSNP_13 36000 66000 36000 74000 46000 74000 46000 66000
97 1 49 SSNP_13 4000 58000 4000 64000 30000 64000 30000 58000
98 1 49 SSNP_13 4000 12000 4000 58000 12000 58000 12000 12000
99 1 49 SSNP_13 40000 52000 40000 66000 46000 66000 46000 52000
100 1 49 SSNP_13 20000 6000 20000 52000 28000 52000 28000 6000
101 1 49 SSNP_13 36000 46000 36000 52000 46000 52000 46000 46000
102 1 49 SSNP_13 36000 12000 36000 46000 44000 46000 44000 12000
103 1 49 SSNP_13 52000 6000 52000 52000 60000 52000 60000 6000
104 1 49 SSNP_13 -4000 -6000 -4000 6000 68000 6000 68000 -6000
105 1 81 SSNP_13 4000 86000 4000 94000 12000 94000 12000 86000
106 1 81 SSNP_13 36000 66000 36000 74000 44000 74000 44000 66000
107 0 49 SSNP_13 8000 200000 vdd
108 0 49 SSNP_13 8000 0 gnd
109 0 49 SSNP_13 8000 90000 A
110 0 49 SSNP_13 40000 70000 Y
