16
0 1 42 GQDV_5 -16000 96000 -16000 210000 32000 210000 32000 96000
1 1 41 GQDV_5 -10000 -10000 -10000 10000 26000 10000 26000 -10000
2 1 45 GQDV_5 -8000 192000 -8000 208000 24000 208000 24000 192000
3 1 44 GQDV_5 -8000 -8000 -8000 8000 24000 8000 24000 -8000
4 1 43 GQDV_5 -4000 196000 -4000 204000 4000 204000 4000 196000
5 1 43 GQDV_5 12000 196000 12000 204000 20000 204000 20000 196000
6 1 43 GQDV_5 -4000 -4000 -4000 4000 4000 4000 4000 -4000
7 1 43 GQDV_5 12000 -4000 12000 4000 20000 4000 20000 -4000
8 1 48 GQDV_5 -2000 198000 -2000 202000 2000 202000 2000 198000
9 1 48 GQDV_5 14000 198000 14000 202000 18000 202000 18000 198000
10 1 48 GQDV_5 -2000 -2000 -2000 2000 2000 2000 2000 -2000
11 1 48 GQDV_5 14000 -2000 14000 2000 18000 2000 18000 -2000
12 1 49 GQDV_5 -4000 194000 -4000 206000 20000 206000 20000 194000
13 1 49 GQDV_5 -4000 -6000 -4000 6000 20000 6000 20000 -6000
14 0 49 GQDV_5 8000 200000 vdd
15 0 49 GQDV_5 8000 0 gnd
