98
0 1 41 TMRO_1 -8000 10000 60000 10000 -8000 84000 60000 84000 
1 1 41 TMRO_1 -10000 0 60000 0 -10000 10000 60000 10000 
2 1 41 TMRO_1 -10000 -10000 42000 -10000 -10000 0 42000 0 
3 1 42 TMRO_1 -16000 96000 80000 96000 -16000 210000 80000 210000 
4 1 43 TMRO_1 4000 148000 14000 148000 4000 188000 14000 188000 
5 1 43 TMRO_1 18000 148000 30000 148000 18000 188000 30000 188000 
6 1 43 TMRO_1 34000 148000 46000 148000 34000 188000 46000 188000 
7 1 43 TMRO_1 50000 148000 60000 148000 50000 188000 60000 188000 
8 1 43 TMRO_1 4000 12000 14000 12000 4000 72000 14000 72000 
9 1 43 TMRO_1 18000 12000 24000 12000 18000 72000 24000 72000 
10 1 43 TMRO_1 28000 12000 34000 12000 28000 72000 34000 72000 
11 1 43 TMRO_1 38000 12000 48000 12000 38000 72000 48000 72000 
12 1 43 TMRO_1 -4000 196000 4000 196000 -4000 204000 4000 204000 
13 1 43 TMRO_1 28000 196000 36000 196000 28000 204000 36000 204000 
14 1 43 TMRO_1 -4000 -4000 4000 -4000 -4000 4000 4000 4000 
15 1 43 TMRO_1 28000 -4000 36000 -4000 28000 4000 36000 4000 
16 1 44 TMRO_1 0 144000 64000 144000 0 192000 64000 192000 
17 1 44 TMRO_1 -8000 -8000 8000 -8000 -8000 8000 8000 8000 
18 1 44 TMRO_1 24000 -8000 40000 -8000 24000 8000 40000 8000 
19 1 45 TMRO_1 -8000 192000 8000 192000 -8000 208000 8000 208000 
20 1 45 TMRO_1 24000 192000 40000 192000 24000 208000 40000 208000 
21 1 45 TMRO_1 0 8000 52000 8000 0 76000 52000 76000 
22 1 46 TMRO_1 14000 106000 18000 106000 14000 192000 18000 192000 
23 1 46 TMRO_1 30000 146000 34000 146000 30000 192000 34000 192000 
24 1 46 TMRO_1 4000 98000 18000 98000 4000 106000 18000 106000 
25 1 46 TMRO_1 14000 8000 18000 8000 14000 98000 18000 98000 
26 1 46 TMRO_1 24000 142000 34000 142000 24000 146000 34000 146000 
27 1 46 TMRO_1 24000 94000 28000 94000 24000 142000 28000 142000 
28 1 46 TMRO_1 46000 126000 50000 126000 46000 192000 50000 192000 
29 1 46 TMRO_1 36000 118000 50000 118000 36000 126000 50000 126000 
30 1 46 TMRO_1 24000 86000 36000 86000 24000 94000 36000 94000 
31 1 46 TMRO_1 24000 8000 28000 8000 24000 86000 28000 86000 
32 1 46 TMRO_1 46000 78000 50000 78000 46000 118000 50000 118000 
33 1 46 TMRO_1 34000 74000 50000 74000 34000 78000 50000 78000 
34 1 46 TMRO_1 34000 8000 38000 8000 34000 74000 38000 74000 
35 1 47 TMRO_1 38000 120000 42000 120000 38000 124000 42000 124000 
36 1 47 TMRO_1 6000 100000 10000 100000 6000 104000 10000 104000 
37 1 47 TMRO_1 30000 88000 34000 88000 30000 92000 34000 92000 
38 1 48 TMRO_1 -2000 198000 2000 198000 -2000 202000 2000 202000 
39 1 48 TMRO_1 30000 198000 34000 198000 30000 202000 34000 202000 
40 1 48 TMRO_1 6000 65000 10000 65000 6000 69000 10000 69000 
41 1 48 TMRO_1 42000 65000 46000 65000 42000 69000 46000 69000 
42 1 48 TMRO_1 6000 55000 10000 55000 6000 59000 10000 59000 
43 1 48 TMRO_1 42000 55000 46000 55000 42000 59000 46000 59000 
44 1 48 TMRO_1 6000 45000 10000 45000 6000 49000 10000 49000 
45 1 48 TMRO_1 42000 45000 46000 45000 42000 49000 46000 49000 
46 1 48 TMRO_1 6000 35000 10000 35000 6000 39000 10000 39000 
47 1 48 TMRO_1 42000 35000 46000 35000 42000 39000 46000 39000 
48 1 48 TMRO_1 6000 25000 10000 25000 6000 29000 10000 29000 
49 1 48 TMRO_1 42000 25000 46000 25000 42000 29000 46000 29000 
50 1 48 TMRO_1 6000 15000 10000 15000 6000 19000 10000 19000 
51 1 48 TMRO_1 42000 15000 46000 15000 42000 19000 46000 19000 
52 1 48 TMRO_1 6000 181000 10000 181000 6000 185000 10000 185000 
53 1 48 TMRO_1 22000 181000 26000 181000 22000 185000 26000 185000 
54 1 48 TMRO_1 38000 178000 42000 178000 38000 182000 42000 182000 
55 1 48 TMRO_1 54000 181000 58000 181000 54000 185000 58000 185000 
56 1 48 TMRO_1 6000 171000 10000 171000 6000 175000 10000 175000 
57 1 48 TMRO_1 22000 171000 26000 171000 22000 175000 26000 175000 
58 1 48 TMRO_1 38000 168000 42000 168000 38000 172000 42000 172000 
59 1 48 TMRO_1 54000 171000 58000 171000 54000 175000 58000 175000 
60 1 48 TMRO_1 6000 161000 10000 161000 6000 165000 10000 165000 
61 1 48 TMRO_1 22000 161000 26000 161000 22000 165000 26000 165000 
62 1 48 TMRO_1 38000 158000 42000 158000 38000 162000 42000 162000 
63 1 48 TMRO_1 54000 161000 58000 161000 54000 165000 58000 165000 
64 1 48 TMRO_1 6000 151000 10000 151000 6000 155000 10000 155000 
65 1 48 TMRO_1 22000 151000 26000 151000 22000 155000 26000 155000 
66 1 48 TMRO_1 54000 151000 58000 151000 54000 155000 58000 155000 
67 1 48 TMRO_1 -2000 -2000 2000 -2000 -2000 2000 2000 2000 
68 1 48 TMRO_1 30000 -2000 34000 -2000 30000 2000 34000 2000 
69 1 49 TMRO_1 -4000 194000 68000 194000 -4000 206000 68000 206000 
70 1 49 TMRO_1 4000 148000 12000 148000 4000 194000 12000 194000 
71 1 49 TMRO_1 20000 148000 28000 148000 20000 188000 28000 188000 
72 1 49 TMRO_1 36000 152000 44000 152000 36000 194000 44000 194000 
73 1 49 TMRO_1 22000 146000 28000 146000 22000 148000 28000 148000 
74 1 49 TMRO_1 52000 148000 60000 148000 52000 188000 60000 188000 
75 1 49 TMRO_1 52000 146000 58000 146000 52000 148000 58000 148000 
76 1 49 TMRO_1 22000 140000 58000 140000 22000 146000 58000 146000 
77 1 49 TMRO_1 36000 118000 44000 118000 36000 134000 44000 134000 
78 1 49 TMRO_1 52000 114000 58000 114000 52000 140000 58000 140000 
79 1 49 TMRO_1 4000 98000 12000 98000 4000 114000 12000 114000 
80 1 49 TMRO_1 52000 106000 60000 106000 52000 114000 60000 114000 
81 1 49 TMRO_1 20000 86000 36000 86000 20000 94000 36000 94000 
82 1 49 TMRO_1 52000 74000 58000 74000 52000 106000 58000 106000 
83 1 49 TMRO_1 42000 72000 58000 72000 42000 74000 58000 74000 
84 1 49 TMRO_1 4000 6000 12000 6000 4000 72000 12000 72000 
85 1 49 TMRO_1 40000 68000 58000 68000 40000 72000 58000 72000 
86 1 49 TMRO_1 40000 12000 48000 12000 40000 68000 48000 68000 
87 1 49 TMRO_1 -4000 -6000 68000 -6000 -4000 6000 68000 6000 
88 0 49 TMRO_1 24000 90000 B
89 0 49 TMRO_1 8000 200000 vdd
90 0 49 TMRO_1 8000 0 gnd
91 0 49 TMRO_1 8000 110000 A
92 0 49 TMRO_1 40000 130000 C
93 0 49 TMRO_1 56000 110000 Y
94 1 81 TMRO_1 36000 126000 44000 126000 36000 134000 44000 134000 
95 1 81 TMRO_1 4000 106000 12000 106000 4000 114000 12000 114000 
96 1 81 TMRO_1 52000 106000 60000 106000 52000 114000 60000 114000 
97 1 81 TMRO_1 20000 86000 28000 86000 20000 94000 28000 94000 
