130
0 1 41 EUCC_3 -8000 10000 88000 10000 -8000 64000 88000 64000 
1 1 41 EUCC_3 -10000 0 88000 0 -10000 10000 88000 10000 
2 1 41 EUCC_3 -10000 -10000 74000 -10000 -10000 0 74000 0 
3 1 42 EUCC_3 -18000 96000 90000 96000 -18000 210000 90000 210000 
4 1 43 EUCC_3 4000 108000 14000 108000 4000 188000 14000 188000 
5 1 43 EUCC_3 18000 108000 30000 108000 18000 188000 30000 188000 
6 1 43 EUCC_3 34000 108000 46000 108000 34000 188000 46000 188000 
7 1 43 EUCC_3 50000 108000 62000 108000 50000 188000 62000 188000 
8 1 43 EUCC_3 66000 108000 76000 108000 66000 188000 76000 188000 
9 1 43 EUCC_3 4000 12000 14000 12000 4000 52000 14000 52000 
10 1 43 EUCC_3 18000 12000 30000 12000 18000 52000 30000 52000 
11 1 43 EUCC_3 34000 12000 46000 12000 34000 52000 46000 52000 
12 1 43 EUCC_3 50000 12000 62000 12000 50000 52000 62000 52000 
13 1 43 EUCC_3 66000 12000 76000 12000 66000 52000 76000 52000 
14 1 43 EUCC_3 -4000 196000 4000 196000 -4000 204000 4000 204000 
15 1 43 EUCC_3 28000 196000 36000 196000 28000 204000 36000 204000 
16 1 43 EUCC_3 60000 196000 68000 196000 60000 204000 68000 204000 
17 1 43 EUCC_3 -4000 -4000 4000 -4000 -4000 4000 4000 4000 
18 1 43 EUCC_3 28000 -4000 36000 -4000 28000 4000 36000 4000 
19 1 43 EUCC_3 60000 -4000 68000 -4000 60000 4000 68000 4000 
20 1 44 EUCC_3 0 104000 80000 104000 0 192000 80000 192000 
21 1 44 EUCC_3 -8000 -8000 8000 -8000 -8000 8000 8000 8000 
22 1 44 EUCC_3 24000 -8000 40000 -8000 24000 8000 40000 8000 
23 1 44 EUCC_3 56000 -8000 72000 -8000 56000 8000 72000 8000 
24 1 45 EUCC_3 -8000 192000 8000 192000 -8000 208000 8000 208000 
25 1 45 EUCC_3 24000 192000 40000 192000 24000 208000 40000 208000 
26 1 45 EUCC_3 56000 192000 72000 192000 56000 208000 72000 208000 
27 1 45 EUCC_3 0 8000 80000 8000 0 56000 80000 56000 
28 1 46 EUCC_3 14000 106000 18000 106000 14000 192000 18000 192000 
29 1 46 EUCC_3 30000 106000 34000 106000 30000 192000 34000 192000 
30 1 46 EUCC_3 46000 106000 50000 106000 46000 192000 50000 192000 
31 1 46 EUCC_3 62000 106000 66000 106000 62000 192000 66000 192000 
32 1 46 EUCC_3 14000 102000 66000 102000 14000 106000 66000 106000 
33 1 46 EUCC_3 14000 66000 18000 66000 14000 102000 18000 102000 
34 1 46 EUCC_3 4000 60000 18000 60000 4000 66000 18000 66000 
35 1 46 EUCC_3 4000 58000 66000 58000 4000 60000 66000 60000 
36 1 46 EUCC_3 14000 56000 66000 56000 14000 58000 66000 58000 
37 1 46 EUCC_3 14000 8000 18000 8000 14000 56000 18000 56000 
38 1 46 EUCC_3 30000 8000 34000 8000 30000 56000 34000 56000 
39 1 46 EUCC_3 46000 8000 50000 8000 46000 56000 50000 56000 
40 1 46 EUCC_3 62000 8000 66000 8000 62000 56000 66000 56000 
41 1 47 EUCC_3 6000 60000 10000 60000 6000 64000 10000 64000 
42 1 48 EUCC_3 -2000 198000 2000 198000 -2000 202000 2000 202000 
43 1 48 EUCC_3 30000 198000 34000 198000 30000 202000 34000 202000 
44 1 48 EUCC_3 62000 198000 66000 198000 62000 202000 66000 202000 
45 1 48 EUCC_3 6000 45000 10000 45000 6000 49000 10000 49000 
46 1 48 EUCC_3 22000 45000 26000 45000 22000 49000 26000 49000 
47 1 48 EUCC_3 38000 45000 42000 45000 38000 49000 42000 49000 
48 1 48 EUCC_3 54000 45000 58000 45000 54000 49000 58000 49000 
49 1 48 EUCC_3 70000 45000 74000 45000 70000 49000 74000 49000 
50 1 48 EUCC_3 6000 35000 10000 35000 6000 39000 10000 39000 
51 1 48 EUCC_3 22000 35000 26000 35000 22000 39000 26000 39000 
52 1 48 EUCC_3 38000 35000 42000 35000 38000 39000 42000 39000 
53 1 48 EUCC_3 54000 35000 58000 35000 54000 39000 58000 39000 
54 1 48 EUCC_3 70000 35000 74000 35000 70000 39000 74000 39000 
55 1 48 EUCC_3 6000 25000 10000 25000 6000 29000 10000 29000 
56 1 48 EUCC_3 22000 25000 26000 25000 22000 29000 26000 29000 
57 1 48 EUCC_3 38000 25000 42000 25000 38000 29000 42000 29000 
58 1 48 EUCC_3 54000 25000 58000 25000 54000 29000 58000 29000 
59 1 48 EUCC_3 70000 25000 74000 25000 70000 29000 74000 29000 
60 1 48 EUCC_3 6000 15000 10000 15000 6000 19000 10000 19000 
61 1 48 EUCC_3 22000 15000 26000 15000 22000 19000 26000 19000 
62 1 48 EUCC_3 38000 15000 42000 15000 38000 19000 42000 19000 
63 1 48 EUCC_3 54000 15000 58000 15000 54000 19000 58000 19000 
64 1 48 EUCC_3 70000 15000 74000 15000 70000 19000 74000 19000 
65 1 48 EUCC_3 6000 181000 10000 181000 6000 185000 10000 185000 
66 1 48 EUCC_3 22000 181000 26000 181000 22000 185000 26000 185000 
67 1 48 EUCC_3 38000 181000 42000 181000 38000 185000 42000 185000 
68 1 48 EUCC_3 54000 181000 58000 181000 54000 185000 58000 185000 
69 1 48 EUCC_3 70000 181000 74000 181000 70000 185000 74000 185000 
70 1 48 EUCC_3 6000 171000 10000 171000 6000 175000 10000 175000 
71 1 48 EUCC_3 22000 171000 26000 171000 22000 175000 26000 175000 
72 1 48 EUCC_3 38000 171000 42000 171000 38000 175000 42000 175000 
73 1 48 EUCC_3 54000 171000 58000 171000 54000 175000 58000 175000 
74 1 48 EUCC_3 70000 171000 74000 171000 70000 175000 74000 175000 
75 1 48 EUCC_3 6000 161000 10000 161000 6000 165000 10000 165000 
76 1 48 EUCC_3 22000 161000 26000 161000 22000 165000 26000 165000 
77 1 48 EUCC_3 38000 161000 42000 161000 38000 165000 42000 165000 
78 1 48 EUCC_3 54000 161000 58000 161000 54000 165000 58000 165000 
79 1 48 EUCC_3 70000 161000 74000 161000 70000 165000 74000 165000 
80 1 48 EUCC_3 6000 151000 10000 151000 6000 155000 10000 155000 
81 1 48 EUCC_3 22000 151000 26000 151000 22000 155000 26000 155000 
82 1 48 EUCC_3 38000 151000 42000 151000 38000 155000 42000 155000 
83 1 48 EUCC_3 54000 151000 58000 151000 54000 155000 58000 155000 
84 1 48 EUCC_3 70000 151000 74000 151000 70000 155000 74000 155000 
85 1 48 EUCC_3 6000 141000 10000 141000 6000 145000 10000 145000 
86 1 48 EUCC_3 22000 141000 26000 141000 22000 145000 26000 145000 
87 1 48 EUCC_3 38000 141000 42000 141000 38000 145000 42000 145000 
88 1 48 EUCC_3 54000 141000 58000 141000 54000 145000 58000 145000 
89 1 48 EUCC_3 70000 141000 74000 141000 70000 145000 74000 145000 
90 1 48 EUCC_3 6000 131000 10000 131000 6000 135000 10000 135000 
91 1 48 EUCC_3 22000 131000 26000 131000 22000 135000 26000 135000 
92 1 48 EUCC_3 38000 131000 42000 131000 38000 135000 42000 135000 
93 1 48 EUCC_3 54000 131000 58000 131000 54000 135000 58000 135000 
94 1 48 EUCC_3 70000 131000 74000 131000 70000 135000 74000 135000 
95 1 48 EUCC_3 6000 121000 10000 121000 6000 125000 10000 125000 
96 1 48 EUCC_3 22000 121000 26000 121000 22000 125000 26000 125000 
97 1 48 EUCC_3 38000 121000 42000 121000 38000 125000 42000 125000 
98 1 48 EUCC_3 54000 121000 58000 121000 54000 125000 58000 125000 
99 1 48 EUCC_3 70000 121000 74000 121000 70000 125000 74000 125000 
100 1 48 EUCC_3 6000 111000 10000 111000 6000 115000 10000 115000 
101 1 48 EUCC_3 22000 111000 26000 111000 22000 115000 26000 115000 
102 1 48 EUCC_3 38000 111000 42000 111000 38000 115000 42000 115000 
103 1 48 EUCC_3 54000 111000 58000 111000 54000 115000 58000 115000 
104 1 48 EUCC_3 70000 111000 74000 111000 70000 115000 74000 115000 
105 1 48 EUCC_3 -2000 -2000 2000 -2000 -2000 2000 2000 2000 
106 1 48 EUCC_3 30000 -2000 34000 -2000 30000 2000 34000 2000 
107 1 48 EUCC_3 62000 -2000 66000 -2000 62000 2000 66000 2000 
108 1 49 EUCC_3 -4000 194000 84000 194000 -4000 206000 84000 206000 
109 1 49 EUCC_3 4000 108000 12000 108000 4000 194000 12000 194000 
110 1 49 EUCC_3 20000 102000 28000 102000 20000 188000 28000 188000 
111 1 49 EUCC_3 36000 108000 44000 108000 36000 194000 44000 194000 
112 1 49 EUCC_3 52000 102000 60000 102000 52000 188000 60000 188000 
113 1 49 EUCC_3 68000 108000 76000 108000 68000 194000 76000 194000 
114 1 49 EUCC_3 20000 94000 60000 94000 20000 102000 60000 102000 
115 1 49 EUCC_3 4000 58000 12000 58000 4000 74000 12000 74000 
116 1 49 EUCC_3 52000 66000 60000 66000 52000 94000 60000 94000 
117 1 49 EUCC_3 20000 58000 60000 58000 20000 66000 60000 66000 
118 1 49 EUCC_3 4000 6000 12000 6000 4000 52000 12000 52000 
119 1 49 EUCC_3 20000 12000 28000 12000 20000 58000 28000 58000 
120 1 49 EUCC_3 36000 6000 44000 6000 36000 52000 44000 52000 
121 1 49 EUCC_3 52000 12000 60000 12000 52000 58000 60000 58000 
122 1 49 EUCC_3 68000 6000 76000 6000 68000 52000 76000 52000 
123 1 49 EUCC_3 -4000 -6000 84000 -6000 -4000 6000 84000 6000 
124 0 49 EUCC_3 8000 200000 vdd
125 0 49 EUCC_3 8000 0 gnd
126 0 49 EUCC_3 8000 70000 A
127 0 49 EUCC_3 56000 90000 Y
128 1 81 EUCC_3 52000 86000 60000 86000 52000 94000 60000 94000 
129 1 81 EUCC_3 4000 66000 12000 66000 4000 74000 12000 74000 
