116
0 1 41 TVEG_1 28000 60000 72000 60000 28000 64000 72000 64000 
1 1 41 TVEG_1 24000 44000 72000 44000 24000 60000 72000 60000 
2 1 41 TVEG_1 -8000 10000 72000 10000 -8000 44000 72000 44000 
3 1 41 TVEG_1 -10000 0 72000 0 -10000 10000 72000 10000 
4 1 41 TVEG_1 -10000 -10000 42000 -10000 -10000 0 42000 0 
5 1 42 TVEG_1 -14000 96000 70000 96000 -14000 210000 70000 210000 
6 1 43 TVEG_1 4000 108000 14000 108000 4000 188000 14000 188000 
7 1 43 TVEG_1 18000 108000 24000 108000 18000 188000 24000 188000 
8 1 43 TVEG_1 28000 108000 40000 108000 28000 188000 40000 188000 
9 1 43 TVEG_1 44000 108000 54000 108000 44000 188000 54000 188000 
10 1 43 TVEG_1 40000 48000 46000 48000 40000 52000 46000 52000 
11 1 43 TVEG_1 50000 48000 60000 48000 50000 52000 60000 52000 
12 1 43 TVEG_1 36000 32000 46000 32000 36000 48000 46000 48000 
13 1 43 TVEG_1 50000 32000 60000 32000 50000 48000 60000 48000 
14 1 43 TVEG_1 4000 12000 14000 12000 4000 32000 14000 32000 
15 1 43 TVEG_1 18000 12000 30000 12000 18000 32000 30000 32000 
16 1 43 TVEG_1 34000 12000 46000 12000 34000 32000 46000 32000 
17 1 43 TVEG_1 50000 12000 60000 12000 50000 32000 60000 32000 
18 1 43 TVEG_1 -4000 196000 4000 196000 -4000 204000 4000 204000 
19 1 43 TVEG_1 28000 196000 36000 196000 28000 204000 36000 204000 
20 1 43 TVEG_1 -4000 -4000 4000 -4000 -4000 4000 4000 4000 
21 1 43 TVEG_1 28000 -4000 36000 -4000 28000 4000 36000 4000 
22 1 44 TVEG_1 0 104000 58000 104000 0 192000 58000 192000 
23 1 44 TVEG_1 -8000 -8000 8000 -8000 -8000 8000 8000 8000 
24 1 44 TVEG_1 24000 -8000 40000 -8000 24000 8000 40000 8000 
25 1 45 TVEG_1 -8000 192000 8000 192000 -8000 208000 8000 208000 
26 1 45 TVEG_1 24000 192000 40000 192000 24000 208000 40000 208000 
27 1 45 TVEG_1 36000 52000 64000 52000 36000 56000 64000 56000 
28 1 45 TVEG_1 32000 36000 64000 36000 32000 52000 64000 52000 
29 1 45 TVEG_1 0 8000 64000 8000 0 36000 64000 36000 
30 1 46 TVEG_1 14000 106000 18000 106000 14000 192000 18000 192000 
31 1 46 TVEG_1 12000 102000 18000 102000 12000 106000 18000 106000 
32 1 46 TVEG_1 12000 46000 16000 46000 12000 102000 16000 102000 
33 1 46 TVEG_1 24000 82000 28000 82000 24000 192000 28000 192000 
34 1 46 TVEG_1 40000 102000 44000 102000 40000 192000 44000 192000 
35 1 46 TVEG_1 40000 98000 50000 98000 40000 102000 50000 102000 
36 1 46 TVEG_1 38000 90000 50000 90000 38000 98000 50000 98000 
37 1 46 TVEG_1 24000 78000 32000 78000 24000 82000 32000 82000 
38 1 46 TVEG_1 24000 74000 34000 74000 24000 78000 34000 78000 
39 1 46 TVEG_1 4000 38000 16000 38000 4000 46000 16000 46000 
40 1 46 TVEG_1 12000 34000 18000 34000 12000 38000 18000 38000 
41 1 46 TVEG_1 14000 8000 18000 8000 14000 34000 18000 34000 
42 1 46 TVEG_1 30000 8000 34000 8000 30000 74000 34000 74000 
43 1 46 TVEG_1 46000 8000 50000 8000 46000 90000 50000 90000 
44 1 47 TVEG_1 40000 92000 44000 92000 40000 96000 44000 96000 
45 1 47 TVEG_1 26000 76000 30000 76000 26000 80000 30000 80000 
46 1 47 TVEG_1 6000 40000 10000 40000 6000 44000 10000 44000 
47 1 48 TVEG_1 -2000 198000 2000 198000 -2000 202000 2000 202000 
48 1 48 TVEG_1 30000 198000 34000 198000 30000 202000 34000 202000 
49 1 48 TVEG_1 54000 45000 58000 45000 54000 49000 58000 49000 
50 1 48 TVEG_1 38000 38000 42000 38000 38000 42000 42000 42000 
51 1 48 TVEG_1 54000 35000 58000 35000 54000 39000 58000 39000 
52 1 48 TVEG_1 6000 25000 10000 25000 6000 29000 10000 29000 
53 1 48 TVEG_1 22000 25000 26000 25000 22000 29000 26000 29000 
54 1 48 TVEG_1 38000 28000 42000 28000 38000 32000 42000 32000 
55 1 48 TVEG_1 54000 25000 58000 25000 54000 29000 58000 29000 
56 1 48 TVEG_1 6000 15000 10000 15000 6000 19000 10000 19000 
57 1 48 TVEG_1 22000 15000 26000 15000 22000 19000 26000 19000 
58 1 48 TVEG_1 38000 18000 42000 18000 38000 22000 42000 22000 
59 1 48 TVEG_1 54000 15000 58000 15000 54000 19000 58000 19000 
60 1 48 TVEG_1 6000 181000 10000 181000 6000 185000 10000 185000 
61 1 48 TVEG_1 32000 181000 36000 181000 32000 185000 36000 185000 
62 1 48 TVEG_1 48000 181000 52000 181000 48000 185000 52000 185000 
63 1 48 TVEG_1 6000 171000 10000 171000 6000 175000 10000 175000 
64 1 48 TVEG_1 32000 171000 36000 171000 32000 175000 36000 175000 
65 1 48 TVEG_1 48000 171000 52000 171000 48000 175000 52000 175000 
66 1 48 TVEG_1 6000 161000 10000 161000 6000 165000 10000 165000 
67 1 48 TVEG_1 32000 161000 36000 161000 32000 165000 36000 165000 
68 1 48 TVEG_1 48000 161000 52000 161000 48000 165000 52000 165000 
69 1 48 TVEG_1 6000 151000 10000 151000 6000 155000 10000 155000 
70 1 48 TVEG_1 32000 151000 36000 151000 32000 155000 36000 155000 
71 1 48 TVEG_1 48000 151000 52000 151000 48000 155000 52000 155000 
72 1 48 TVEG_1 6000 141000 10000 141000 6000 145000 10000 145000 
73 1 48 TVEG_1 32000 141000 36000 141000 32000 145000 36000 145000 
74 1 48 TVEG_1 48000 141000 52000 141000 48000 145000 52000 145000 
75 1 48 TVEG_1 6000 131000 10000 131000 6000 135000 10000 135000 
76 1 48 TVEG_1 32000 131000 36000 131000 32000 135000 36000 135000 
77 1 48 TVEG_1 48000 131000 52000 131000 48000 135000 52000 135000 
78 1 48 TVEG_1 6000 121000 10000 121000 6000 125000 10000 125000 
79 1 48 TVEG_1 32000 121000 36000 121000 32000 125000 36000 125000 
80 1 48 TVEG_1 48000 121000 52000 121000 48000 125000 52000 125000 
81 1 48 TVEG_1 6000 111000 10000 111000 6000 115000 10000 115000 
82 1 48 TVEG_1 32000 111000 36000 111000 32000 115000 36000 115000 
83 1 48 TVEG_1 48000 111000 52000 111000 48000 115000 52000 115000 
84 1 48 TVEG_1 -2000 -2000 2000 -2000 -2000 2000 2000 2000 
85 1 48 TVEG_1 30000 -2000 34000 -2000 30000 2000 34000 2000 
86 1 49 TVEG_1 -4000 194000 68000 194000 -4000 206000 68000 206000 
87 1 49 TVEG_1 4000 102000 12000 102000 4000 188000 12000 188000 
88 1 49 TVEG_1 30000 108000 38000 108000 30000 194000 38000 194000 
89 1 49 TVEG_1 46000 114000 54000 114000 46000 188000 54000 188000 
90 1 49 TVEG_1 46000 108000 60000 108000 46000 114000 60000 114000 
91 1 49 TVEG_1 4000 98000 44000 98000 4000 102000 44000 102000 
92 1 49 TVEG_1 4000 96000 46000 96000 4000 98000 46000 98000 
93 1 49 TVEG_1 38000 90000 46000 90000 38000 96000 46000 96000 
94 1 49 TVEG_1 54000 94000 60000 94000 54000 108000 60000 108000 
95 1 49 TVEG_1 24000 74000 32000 74000 24000 82000 32000 82000 
96 1 49 TVEG_1 20000 66000 30000 66000 20000 74000 30000 74000 
97 1 49 TVEG_1 40000 60000 46000 60000 40000 90000 46000 90000 
98 1 49 TVEG_1 52000 86000 60000 86000 52000 94000 60000 94000 
99 1 49 TVEG_1 22000 54000 46000 54000 22000 60000 46000 60000 
100 1 49 TVEG_1 4000 38000 12000 38000 4000 54000 12000 54000 
101 1 49 TVEG_1 22000 32000 28000 32000 22000 54000 28000 54000 
102 1 49 TVEG_1 54000 52000 60000 52000 54000 86000 60000 86000 
103 1 49 TVEG_1 4000 6000 12000 6000 4000 32000 12000 32000 
104 1 49 TVEG_1 20000 12000 28000 12000 20000 32000 28000 32000 
105 1 49 TVEG_1 36000 6000 44000 6000 36000 48000 44000 48000 
106 1 49 TVEG_1 52000 12000 60000 12000 52000 52000 60000 52000 
107 1 49 TVEG_1 -4000 -6000 68000 -6000 -4000 6000 68000 6000 
108 0 49 TVEG_1 56000 90000 Y
109 0 49 TVEG_1 24000 70000 B
110 0 49 TVEG_1 8000 200000 vdd
111 0 49 TVEG_1 8000 0 gnd
112 0 49 TVEG_1 8000 50000 A
113 1 81 TVEG_1 52000 86000 60000 86000 52000 94000 60000 94000 
114 1 81 TVEG_1 20000 66000 28000 66000 20000 74000 28000 74000 
115 1 81 TVEG_1 4000 46000 12000 46000 4000 54000 12000 54000 
