72
0 1 41 CUWR_3 -8000 10000 50000 10000 -8000 64000 50000 64000 
1 1 41 CUWR_3 -10000 0 50000 0 -10000 10000 50000 10000 
2 1 41 CUWR_3 -10000 -10000 42000 -10000 -10000 0 42000 0 
3 1 42 CUWR_3 -16000 96000 64000 96000 -16000 210000 64000 210000 
4 1 43 CUWR_3 4000 148000 14000 148000 4000 188000 14000 188000 
5 1 43 CUWR_3 18000 148000 30000 148000 18000 188000 30000 188000 
6 1 43 CUWR_3 34000 148000 44000 148000 34000 188000 44000 188000 
7 1 43 CUWR_3 4000 12000 14000 12000 4000 52000 14000 52000 
8 1 43 CUWR_3 18000 12000 24000 12000 18000 52000 24000 52000 
9 1 43 CUWR_3 28000 12000 38000 12000 28000 52000 38000 52000 
10 1 43 CUWR_3 -4000 196000 4000 196000 -4000 204000 4000 204000 
11 1 43 CUWR_3 28000 196000 36000 196000 28000 204000 36000 204000 
12 1 43 CUWR_3 -4000 -4000 4000 -4000 -4000 4000 4000 4000 
13 1 43 CUWR_3 28000 -4000 36000 -4000 28000 4000 36000 4000 
14 1 44 CUWR_3 0 144000 48000 144000 0 192000 48000 192000 
15 1 44 CUWR_3 -8000 -8000 8000 -8000 -8000 8000 8000 8000 
16 1 44 CUWR_3 24000 -8000 40000 -8000 24000 8000 40000 8000 
17 1 45 CUWR_3 -8000 192000 8000 192000 -8000 208000 8000 208000 
18 1 45 CUWR_3 24000 192000 40000 192000 24000 208000 40000 208000 
19 1 45 CUWR_3 0 8000 42000 8000 0 56000 42000 56000 
20 1 46 CUWR_3 14000 66000 18000 66000 14000 192000 18000 192000 
21 1 46 CUWR_3 4000 58000 18000 58000 4000 66000 18000 66000 
22 1 46 CUWR_3 30000 122000 34000 122000 30000 192000 34000 192000 
23 1 46 CUWR_3 30000 114000 44000 114000 30000 122000 44000 122000 
24 1 46 CUWR_3 30000 58000 34000 58000 30000 114000 34000 114000 
25 1 46 CUWR_3 14000 8000 18000 8000 14000 58000 18000 58000 
26 1 46 CUWR_3 24000 54000 34000 54000 24000 58000 34000 58000 
27 1 46 CUWR_3 24000 8000 28000 8000 24000 54000 28000 54000 
28 1 47 CUWR_3 38000 116000 42000 116000 38000 120000 42000 120000 
29 1 47 CUWR_3 6000 60000 10000 60000 6000 64000 10000 64000 
30 1 48 CUWR_3 -2000 198000 2000 198000 -2000 202000 2000 202000 
31 1 48 CUWR_3 30000 198000 34000 198000 30000 202000 34000 202000 
32 1 48 CUWR_3 6000 45000 10000 45000 6000 49000 10000 49000 
33 1 48 CUWR_3 32000 45000 36000 45000 32000 49000 36000 49000 
34 1 48 CUWR_3 6000 35000 10000 35000 6000 39000 10000 39000 
35 1 48 CUWR_3 32000 35000 36000 35000 32000 39000 36000 39000 
36 1 48 CUWR_3 6000 25000 10000 25000 6000 29000 10000 29000 
37 1 48 CUWR_3 32000 25000 36000 25000 32000 29000 36000 29000 
38 1 48 CUWR_3 6000 15000 10000 15000 6000 19000 10000 19000 
39 1 48 CUWR_3 32000 15000 36000 15000 32000 19000 36000 19000 
40 1 48 CUWR_3 6000 181000 10000 181000 6000 185000 10000 185000 
41 1 48 CUWR_3 22000 181000 26000 181000 22000 185000 26000 185000 
42 1 48 CUWR_3 38000 181000 42000 181000 38000 185000 42000 185000 
43 1 48 CUWR_3 6000 171000 10000 171000 6000 175000 10000 175000 
44 1 48 CUWR_3 22000 171000 26000 171000 22000 175000 26000 175000 
45 1 48 CUWR_3 38000 171000 42000 171000 38000 175000 42000 175000 
46 1 48 CUWR_3 6000 161000 10000 161000 6000 165000 10000 165000 
47 1 48 CUWR_3 22000 161000 26000 161000 22000 165000 26000 165000 
48 1 48 CUWR_3 38000 161000 42000 161000 38000 165000 42000 165000 
49 1 48 CUWR_3 6000 151000 10000 151000 6000 155000 10000 155000 
50 1 48 CUWR_3 22000 151000 26000 151000 22000 155000 26000 155000 
51 1 48 CUWR_3 38000 151000 42000 151000 38000 155000 42000 155000 
52 1 48 CUWR_3 -2000 -2000 2000 -2000 -2000 2000 2000 2000 
53 1 48 CUWR_3 30000 -2000 34000 -2000 30000 2000 34000 2000 
54 1 49 CUWR_3 -4000 194000 52000 194000 -4000 206000 52000 206000 
55 1 49 CUWR_3 4000 148000 12000 148000 4000 194000 12000 194000 
56 1 49 CUWR_3 4000 58000 12000 58000 4000 74000 12000 74000 
57 1 49 CUWR_3 20000 52000 28000 52000 20000 188000 28000 188000 
58 1 49 CUWR_3 36000 148000 44000 148000 36000 194000 44000 194000 
59 1 49 CUWR_3 36000 106000 44000 106000 36000 122000 44000 122000 
60 1 49 CUWR_3 4000 6000 12000 6000 4000 52000 12000 52000 
61 1 49 CUWR_3 20000 46000 38000 46000 20000 52000 38000 52000 
62 1 49 CUWR_3 30000 12000 38000 12000 30000 46000 38000 46000 
63 1 49 CUWR_3 -4000 -6000 52000 -6000 -4000 6000 52000 6000 
64 0 49 CUWR_3 8000 200000 vdd
65 0 49 CUWR_3 24000 90000 Y
66 0 49 CUWR_3 8000 0 gnd
67 0 49 CUWR_3 8000 70000 A
68 0 49 CUWR_3 40000 110000 B
69 1 81 CUWR_3 36000 106000 44000 106000 36000 114000 44000 114000 
70 1 81 CUWR_3 20000 86000 28000 86000 20000 94000 28000 94000 
71 1 81 CUWR_3 4000 66000 12000 66000 4000 74000 12000 74000 
