119
0 1 41 CNLZ_1 -8000 10000 66000 10000 -8000 64000 66000 64000 
1 1 41 CNLZ_1 -10000 0 66000 0 -10000 10000 66000 10000 
2 1 41 CNLZ_1 -10000 -10000 42000 -10000 -10000 0 42000 0 
3 1 42 CNLZ_1 -16000 96000 80000 96000 -16000 210000 80000 210000 
4 1 43 CNLZ_1 4000 148000 14000 148000 4000 188000 14000 188000 
5 1 43 CNLZ_1 18000 148000 30000 148000 18000 188000 30000 188000 
6 1 43 CNLZ_1 34000 148000 46000 148000 34000 188000 46000 188000 
7 1 43 CNLZ_1 50000 148000 60000 148000 50000 188000 60000 188000 
8 1 43 CNLZ_1 36000 112000 46000 112000 36000 148000 46000 148000 
9 1 43 CNLZ_1 50000 112000 60000 112000 50000 148000 60000 148000 
10 1 43 CNLZ_1 40000 108000 46000 108000 40000 112000 46000 112000 
11 1 43 CNLZ_1 50000 108000 60000 108000 50000 112000 60000 112000 
12 1 43 CNLZ_1 4000 12000 14000 12000 4000 52000 14000 52000 
13 1 43 CNLZ_1 18000 12000 24000 12000 18000 52000 24000 52000 
14 1 43 CNLZ_1 28000 12000 40000 12000 28000 52000 40000 52000 
15 1 43 CNLZ_1 44000 12000 54000 12000 44000 52000 54000 52000 
16 1 43 CNLZ_1 -4000 196000 4000 196000 -4000 204000 4000 204000 
17 1 43 CNLZ_1 28000 196000 36000 196000 28000 204000 36000 204000 
18 1 43 CNLZ_1 -4000 -4000 4000 -4000 -4000 4000 4000 4000 
19 1 43 CNLZ_1 28000 -4000 36000 -4000 28000 4000 36000 4000 
20 1 44 CNLZ_1 0 144000 64000 144000 0 192000 64000 192000 
21 1 44 CNLZ_1 32000 108000 64000 108000 32000 144000 64000 144000 
22 1 44 CNLZ_1 36000 104000 64000 104000 36000 108000 64000 108000 
23 1 44 CNLZ_1 -8000 -8000 8000 -8000 -8000 8000 8000 8000 
24 1 44 CNLZ_1 24000 -8000 40000 -8000 24000 8000 40000 8000 
25 1 45 CNLZ_1 -8000 192000 8000 192000 -8000 208000 8000 208000 
26 1 45 CNLZ_1 24000 192000 40000 192000 24000 208000 40000 208000 
27 1 45 CNLZ_1 0 8000 58000 8000 0 56000 58000 56000 
28 1 46 CNLZ_1 14000 146000 18000 146000 14000 192000 18000 192000 
29 1 46 CNLZ_1 10000 142000 18000 142000 10000 146000 18000 146000 
30 1 46 CNLZ_1 10000 82000 14000 82000 10000 142000 14000 142000 
31 1 46 CNLZ_1 4000 74000 14000 74000 4000 82000 14000 82000 
32 1 46 CNLZ_1 30000 78000 34000 78000 30000 192000 34000 192000 
33 1 46 CNLZ_1 10000 60000 14000 60000 10000 74000 14000 74000 
34 1 46 CNLZ_1 24000 74000 34000 74000 24000 78000 34000 78000 
35 1 46 CNLZ_1 24000 70000 32000 70000 24000 74000 32000 74000 
36 1 46 CNLZ_1 10000 56000 18000 56000 10000 60000 18000 60000 
37 1 46 CNLZ_1 14000 8000 18000 8000 14000 56000 18000 56000 
38 1 46 CNLZ_1 24000 8000 28000 8000 24000 70000 28000 70000 
39 1 46 CNLZ_1 46000 66000 50000 66000 46000 192000 50000 192000 
40 1 46 CNLZ_1 40000 62000 50000 62000 40000 66000 50000 66000 
41 1 46 CNLZ_1 40000 58000 48000 58000 40000 62000 48000 62000 
42 1 46 CNLZ_1 40000 8000 44000 8000 40000 58000 44000 58000 
43 1 47 CNLZ_1 6000 76000 10000 76000 6000 80000 10000 80000 
44 1 47 CNLZ_1 26000 72000 30000 72000 26000 76000 30000 76000 
45 1 47 CNLZ_1 42000 60000 46000 60000 42000 64000 46000 64000 
46 1 48 CNLZ_1 -2000 198000 2000 198000 -2000 202000 2000 202000 
47 1 48 CNLZ_1 30000 198000 34000 198000 30000 202000 34000 202000 
48 1 48 CNLZ_1 6000 45000 10000 45000 6000 49000 10000 49000 
49 1 48 CNLZ_1 32000 44000 36000 44000 32000 48000 36000 48000 
50 1 48 CNLZ_1 48000 45000 52000 45000 48000 49000 52000 49000 
51 1 48 CNLZ_1 6000 35000 10000 35000 6000 39000 10000 39000 
52 1 48 CNLZ_1 32000 34000 36000 34000 32000 38000 36000 38000 
53 1 48 CNLZ_1 48000 35000 52000 35000 48000 39000 52000 39000 
54 1 48 CNLZ_1 6000 25000 10000 25000 6000 29000 10000 29000 
55 1 48 CNLZ_1 32000 24000 36000 24000 32000 28000 36000 28000 
56 1 48 CNLZ_1 48000 25000 52000 25000 48000 29000 52000 29000 
57 1 48 CNLZ_1 6000 15000 10000 15000 6000 19000 10000 19000 
58 1 48 CNLZ_1 32000 14000 36000 14000 32000 18000 36000 18000 
59 1 48 CNLZ_1 48000 15000 52000 15000 48000 19000 52000 19000 
60 1 48 CNLZ_1 6000 181000 10000 181000 6000 185000 10000 185000 
61 1 48 CNLZ_1 22000 181000 26000 181000 22000 185000 26000 185000 
62 1 48 CNLZ_1 38000 178000 42000 178000 38000 182000 42000 182000 
63 1 48 CNLZ_1 54000 181000 58000 181000 54000 185000 58000 185000 
64 1 48 CNLZ_1 6000 171000 10000 171000 6000 175000 10000 175000 
65 1 48 CNLZ_1 22000 171000 26000 171000 22000 175000 26000 175000 
66 1 48 CNLZ_1 38000 168000 42000 168000 38000 172000 42000 172000 
67 1 48 CNLZ_1 54000 171000 58000 171000 54000 175000 58000 175000 
68 1 48 CNLZ_1 6000 161000 10000 161000 6000 165000 10000 165000 
69 1 48 CNLZ_1 22000 161000 26000 161000 22000 165000 26000 165000 
70 1 48 CNLZ_1 38000 158000 42000 158000 38000 162000 42000 162000 
71 1 48 CNLZ_1 54000 161000 58000 161000 54000 165000 58000 165000 
72 1 48 CNLZ_1 6000 151000 10000 151000 6000 155000 10000 155000 
73 1 48 CNLZ_1 22000 151000 26000 151000 22000 155000 26000 155000 
74 1 48 CNLZ_1 38000 148000 42000 148000 38000 152000 42000 152000 
75 1 48 CNLZ_1 54000 151000 58000 151000 54000 155000 58000 155000 
76 1 48 CNLZ_1 38000 138000 42000 138000 38000 142000 42000 142000 
77 1 48 CNLZ_1 54000 141000 58000 141000 54000 145000 58000 145000 
78 1 48 CNLZ_1 38000 128000 42000 128000 38000 132000 42000 132000 
79 1 48 CNLZ_1 54000 131000 58000 131000 54000 135000 58000 135000 
80 1 48 CNLZ_1 38000 118000 42000 118000 38000 122000 42000 122000 
81 1 48 CNLZ_1 54000 121000 58000 121000 54000 125000 58000 125000 
82 1 48 CNLZ_1 54000 111000 58000 111000 54000 115000 58000 115000 
83 1 48 CNLZ_1 -2000 -2000 2000 -2000 -2000 2000 2000 2000 
84 1 48 CNLZ_1 30000 -2000 34000 -2000 30000 2000 34000 2000 
85 1 49 CNLZ_1 -4000 194000 68000 194000 -4000 206000 68000 206000 
86 1 49 CNLZ_1 4000 148000 12000 148000 4000 194000 12000 194000 
87 1 49 CNLZ_1 20000 148000 28000 148000 20000 188000 28000 188000 
88 1 49 CNLZ_1 22000 106000 28000 106000 22000 148000 28000 148000 
89 1 49 CNLZ_1 36000 112000 44000 112000 36000 194000 44000 194000 
90 1 49 CNLZ_1 52000 108000 60000 108000 52000 188000 60000 188000 
91 1 49 CNLZ_1 22000 100000 46000 100000 22000 106000 46000 106000 
92 1 49 CNLZ_1 20000 86000 28000 86000 20000 94000 28000 94000 
93 1 49 CNLZ_1 4000 66000 12000 66000 4000 82000 12000 82000 
94 1 49 CNLZ_1 22000 78000 28000 78000 22000 86000 28000 86000 
95 1 49 CNLZ_1 22000 72000 32000 72000 22000 78000 32000 78000 
96 1 49 CNLZ_1 24000 70000 32000 70000 24000 72000 32000 72000 
97 1 49 CNLZ_1 40000 66000 46000 66000 40000 100000 46000 100000 
98 1 49 CNLZ_1 54000 94000 60000 94000 54000 108000 60000 108000 
99 1 49 CNLZ_1 52000 86000 60000 86000 52000 94000 60000 94000 
100 1 49 CNLZ_1 40000 64000 48000 64000 40000 66000 48000 66000 
101 1 49 CNLZ_1 18000 60000 48000 60000 18000 64000 48000 64000 
102 1 49 CNLZ_1 6000 58000 48000 58000 6000 60000 48000 60000 
103 1 49 CNLZ_1 6000 54000 24000 54000 6000 58000 24000 58000 
104 1 49 CNLZ_1 6000 52000 12000 52000 6000 54000 12000 54000 
105 1 49 CNLZ_1 54000 52000 60000 52000 54000 86000 60000 86000 
106 1 49 CNLZ_1 4000 12000 12000 12000 4000 52000 12000 52000 
107 1 49 CNLZ_1 30000 6000 38000 6000 30000 50000 38000 50000 
108 1 49 CNLZ_1 46000 42000 60000 42000 46000 52000 60000 52000 
109 1 49 CNLZ_1 46000 12000 54000 12000 46000 42000 54000 42000 
110 1 49 CNLZ_1 -4000 -6000 68000 -6000 -4000 6000 68000 6000 
111 0 49 CNLZ_1 8000 200000 vdd
112 0 49 CNLZ_1 8000 0 gnd
113 0 49 CNLZ_1 8000 70000 A
114 0 49 CNLZ_1 24000 90000 B
115 0 49 CNLZ_1 56000 90000 Y
116 1 81 CNLZ_1 20000 86000 28000 86000 20000 94000 28000 94000 
117 1 81 CNLZ_1 52000 86000 60000 86000 52000 94000 60000 94000 
118 1 81 CNLZ_1 4000 66000 12000 66000 4000 74000 12000 74000 
