169
0 1 41 ZAGR_5 8000 10000 88000 10000 8000 44000 88000 44000 
1 1 41 ZAGR_5 -10000 -10000 106000 -10000 -10000 10000 106000 10000 
2 1 42 ZAGR_5 -14000 96000 136000 96000 -14000 210000 136000 210000 
3 1 43 ZAGR_5 4000 130000 14000 130000 4000 188000 14000 188000 
4 1 43 ZAGR_5 18000 130000 30000 130000 18000 188000 30000 188000 
5 1 43 ZAGR_5 34000 130000 46000 130000 34000 188000 46000 188000 
6 1 43 ZAGR_5 50000 130000 62000 130000 50000 188000 62000 188000 
7 1 43 ZAGR_5 66000 130000 76000 130000 66000 188000 76000 188000 
8 1 43 ZAGR_5 4000 128000 14000 128000 4000 130000 14000 130000 
9 1 43 ZAGR_5 18000 128000 30000 128000 18000 130000 30000 130000 
10 1 43 ZAGR_5 34000 128000 46000 128000 34000 130000 46000 130000 
11 1 43 ZAGR_5 50000 128000 62000 128000 50000 130000 62000 130000 
12 1 43 ZAGR_5 66000 128000 72000 128000 66000 130000 72000 130000 
13 1 43 ZAGR_5 84000 120000 94000 120000 84000 180000 94000 180000 
14 1 43 ZAGR_5 98000 120000 110000 120000 98000 180000 110000 180000 
15 1 43 ZAGR_5 114000 120000 124000 120000 114000 180000 124000 180000 
16 1 43 ZAGR_5 20000 12000 30000 12000 20000 32000 30000 32000 
17 1 43 ZAGR_5 34000 12000 46000 12000 34000 32000 46000 32000 
18 1 43 ZAGR_5 50000 12000 62000 12000 50000 32000 62000 32000 
19 1 43 ZAGR_5 66000 12000 76000 12000 66000 32000 76000 32000 
20 1 43 ZAGR_5 -4000 196000 4000 196000 -4000 204000 4000 204000 
21 1 43 ZAGR_5 28000 196000 36000 196000 28000 204000 36000 204000 
22 1 43 ZAGR_5 60000 196000 68000 196000 60000 204000 68000 204000 
23 1 43 ZAGR_5 92000 196000 100000 196000 92000 204000 100000 204000 
24 1 43 ZAGR_5 -4000 -4000 4000 -4000 -4000 4000 4000 4000 
25 1 43 ZAGR_5 28000 -4000 36000 -4000 28000 4000 36000 4000 
26 1 43 ZAGR_5 60000 -4000 68000 -4000 60000 4000 68000 4000 
27 1 43 ZAGR_5 92000 -4000 100000 -4000 92000 4000 100000 4000 
28 1 44 ZAGR_5 0 184000 80000 184000 0 192000 80000 192000 
29 1 44 ZAGR_5 0 124000 128000 124000 0 184000 128000 184000 
30 1 44 ZAGR_5 80000 116000 128000 116000 80000 124000 128000 124000 
31 1 44 ZAGR_5 -8000 -8000 8000 -8000 -8000 8000 8000 8000 
32 1 44 ZAGR_5 24000 -8000 40000 -8000 24000 8000 40000 8000 
33 1 44 ZAGR_5 56000 -8000 72000 -8000 56000 8000 72000 8000 
34 1 44 ZAGR_5 88000 -8000 104000 -8000 88000 8000 104000 8000 
35 1 45 ZAGR_5 -8000 192000 8000 192000 -8000 208000 8000 208000 
36 1 45 ZAGR_5 24000 192000 40000 192000 24000 208000 40000 208000 
37 1 45 ZAGR_5 56000 192000 72000 192000 56000 208000 72000 208000 
38 1 45 ZAGR_5 88000 192000 104000 192000 88000 208000 104000 208000 
39 1 45 ZAGR_5 16000 8000 80000 8000 16000 36000 80000 36000 
40 1 46 ZAGR_5 14000 126000 18000 126000 14000 192000 18000 192000 
41 1 46 ZAGR_5 30000 126000 34000 126000 30000 192000 34000 192000 
42 1 46 ZAGR_5 46000 126000 50000 126000 46000 192000 50000 192000 
43 1 46 ZAGR_5 62000 126000 66000 126000 62000 192000 66000 192000 
44 1 46 ZAGR_5 14000 122000 34000 122000 14000 126000 34000 126000 
45 1 46 ZAGR_5 30000 54000 34000 54000 30000 122000 34000 122000 
46 1 46 ZAGR_5 44000 122000 66000 122000 44000 126000 66000 126000 
47 1 46 ZAGR_5 44000 74000 48000 74000 44000 122000 48000 122000 
48 1 46 ZAGR_5 94000 118000 98000 118000 94000 184000 98000 184000 
49 1 46 ZAGR_5 110000 118000 114000 118000 110000 184000 114000 184000 
50 1 46 ZAGR_5 94000 114000 114000 114000 94000 118000 114000 118000 
51 1 46 ZAGR_5 94000 112000 98000 112000 94000 114000 98000 114000 
52 1 46 ZAGR_5 62000 108000 98000 108000 62000 112000 98000 112000 
53 1 46 ZAGR_5 62000 94000 66000 94000 62000 108000 66000 108000 
54 1 46 ZAGR_5 60000 86000 68000 86000 60000 94000 68000 94000 
55 1 46 ZAGR_5 44000 66000 52000 66000 44000 74000 52000 74000 
56 1 46 ZAGR_5 30000 46000 38000 46000 30000 54000 38000 54000 
57 1 46 ZAGR_5 30000 8000 34000 8000 30000 46000 34000 46000 
58 1 46 ZAGR_5 46000 8000 50000 8000 46000 66000 50000 66000 
59 1 46 ZAGR_5 62000 8000 66000 8000 62000 86000 66000 86000 
60 1 47 ZAGR_5 62000 88000 66000 88000 62000 92000 66000 92000 
61 1 47 ZAGR_5 46000 68000 50000 68000 46000 72000 50000 72000 
62 1 47 ZAGR_5 32000 48000 36000 48000 32000 52000 36000 52000 
63 1 48 ZAGR_5 -2000 198000 2000 198000 -2000 202000 2000 202000 
64 1 48 ZAGR_5 30000 198000 34000 198000 30000 202000 34000 202000 
65 1 48 ZAGR_5 62000 198000 66000 198000 62000 202000 66000 202000 
66 1 48 ZAGR_5 94000 198000 98000 198000 94000 202000 98000 202000 
67 1 48 ZAGR_5 22000 25000 26000 25000 22000 29000 26000 29000 
68 1 48 ZAGR_5 38000 25000 42000 25000 38000 29000 42000 29000 
69 1 48 ZAGR_5 70000 25000 74000 25000 70000 29000 74000 29000 
70 1 48 ZAGR_5 22000 15000 26000 15000 22000 19000 26000 19000 
71 1 48 ZAGR_5 38000 15000 42000 15000 38000 19000 42000 19000 
72 1 48 ZAGR_5 54000 18000 58000 18000 54000 22000 58000 22000 
73 1 48 ZAGR_5 70000 15000 74000 15000 70000 19000 74000 19000 
74 1 48 ZAGR_5 6000 181000 10000 181000 6000 185000 10000 185000 
75 1 48 ZAGR_5 22000 181000 26000 181000 22000 185000 26000 185000 
76 1 48 ZAGR_5 38000 181000 42000 181000 38000 185000 42000 185000 
77 1 48 ZAGR_5 70000 182000 74000 182000 70000 186000 74000 186000 
78 1 48 ZAGR_5 6000 171000 10000 171000 6000 175000 10000 175000 
79 1 48 ZAGR_5 22000 171000 26000 171000 22000 175000 26000 175000 
80 1 48 ZAGR_5 38000 171000 42000 171000 38000 175000 42000 175000 
81 1 48 ZAGR_5 54000 170000 58000 170000 54000 174000 58000 174000 
82 1 48 ZAGR_5 70000 172000 74000 172000 70000 176000 74000 176000 
83 1 48 ZAGR_5 86000 173000 90000 173000 86000 177000 90000 177000 
84 1 48 ZAGR_5 118000 173000 122000 173000 118000 177000 122000 177000 
85 1 48 ZAGR_5 6000 161000 10000 161000 6000 165000 10000 165000 
86 1 48 ZAGR_5 22000 161000 26000 161000 22000 165000 26000 165000 
87 1 48 ZAGR_5 38000 161000 42000 161000 38000 165000 42000 165000 
88 1 48 ZAGR_5 54000 160000 58000 160000 54000 164000 58000 164000 
89 1 48 ZAGR_5 70000 162000 74000 162000 70000 166000 74000 166000 
90 1 48 ZAGR_5 86000 163000 90000 163000 86000 167000 90000 167000 
91 1 48 ZAGR_5 102000 166000 106000 166000 102000 170000 106000 170000 
92 1 48 ZAGR_5 118000 163000 122000 163000 118000 167000 122000 167000 
93 1 48 ZAGR_5 6000 151000 10000 151000 6000 155000 10000 155000 
94 1 48 ZAGR_5 22000 151000 26000 151000 22000 155000 26000 155000 
95 1 48 ZAGR_5 38000 151000 42000 151000 38000 155000 42000 155000 
96 1 48 ZAGR_5 54000 150000 58000 150000 54000 154000 58000 154000 
97 1 48 ZAGR_5 70000 152000 74000 152000 70000 156000 74000 156000 
98 1 48 ZAGR_5 86000 153000 90000 153000 86000 157000 90000 157000 
99 1 48 ZAGR_5 102000 156000 106000 156000 102000 160000 106000 160000 
100 1 48 ZAGR_5 118000 153000 122000 153000 118000 157000 122000 157000 
101 1 48 ZAGR_5 6000 141000 10000 141000 6000 145000 10000 145000 
102 1 48 ZAGR_5 22000 141000 26000 141000 22000 145000 26000 145000 
103 1 48 ZAGR_5 38000 141000 42000 141000 38000 145000 42000 145000 
104 1 48 ZAGR_5 54000 140000 58000 140000 54000 144000 58000 144000 
105 1 48 ZAGR_5 70000 142000 74000 142000 70000 146000 74000 146000 
106 1 48 ZAGR_5 86000 143000 90000 143000 86000 147000 90000 147000 
107 1 48 ZAGR_5 102000 146000 106000 146000 102000 150000 106000 150000 
108 1 48 ZAGR_5 118000 143000 122000 143000 118000 147000 122000 147000 
109 1 48 ZAGR_5 6000 131000 10000 131000 6000 135000 10000 135000 
110 1 48 ZAGR_5 22000 131000 26000 131000 22000 135000 26000 135000 
111 1 48 ZAGR_5 38000 131000 42000 131000 38000 135000 42000 135000 
112 1 48 ZAGR_5 54000 130000 58000 130000 54000 134000 58000 134000 
113 1 48 ZAGR_5 70000 132000 74000 132000 70000 136000 74000 136000 
114 1 48 ZAGR_5 86000 133000 90000 133000 86000 137000 90000 137000 
115 1 48 ZAGR_5 102000 136000 106000 136000 102000 140000 106000 140000 
116 1 48 ZAGR_5 118000 133000 122000 133000 118000 137000 122000 137000 
117 1 48 ZAGR_5 86000 123000 90000 123000 86000 127000 90000 127000 
118 1 48 ZAGR_5 102000 126000 106000 126000 102000 130000 106000 130000 
119 1 48 ZAGR_5 118000 123000 122000 123000 118000 127000 122000 127000 
120 1 48 ZAGR_5 -2000 -2000 2000 -2000 -2000 2000 2000 2000 
121 1 48 ZAGR_5 30000 -2000 34000 -2000 30000 2000 34000 2000 
122 1 48 ZAGR_5 62000 -2000 66000 -2000 62000 2000 66000 2000 
123 1 48 ZAGR_5 94000 -2000 98000 -2000 94000 2000 98000 2000 
124 1 49 ZAGR_5 -4000 194000 132000 194000 -4000 206000 132000 206000 
125 1 49 ZAGR_5 4000 128000 12000 128000 4000 188000 12000 188000 
126 1 49 ZAGR_5 20000 128000 28000 128000 20000 194000 28000 194000 
127 1 49 ZAGR_5 36000 182000 76000 182000 36000 188000 76000 188000 
128 1 49 ZAGR_5 36000 128000 44000 128000 36000 182000 44000 182000 
129 1 49 ZAGR_5 52000 128000 60000 128000 52000 176000 60000 176000 
130 1 49 ZAGR_5 68000 130000 76000 130000 68000 182000 76000 182000 
131 1 49 ZAGR_5 86000 182000 122000 182000 86000 188000 122000 188000 
132 1 49 ZAGR_5 86000 180000 92000 180000 86000 182000 92000 182000 
133 1 49 ZAGR_5 6000 122000 12000 122000 6000 128000 12000 128000 
134 1 49 ZAGR_5 36000 122000 42000 122000 36000 128000 42000 128000 
135 1 49 ZAGR_5 6000 116000 42000 116000 6000 122000 42000 122000 
136 1 49 ZAGR_5 54000 124000 60000 124000 54000 128000 60000 128000 
137 1 49 ZAGR_5 84000 124000 92000 124000 84000 180000 92000 180000 
138 1 49 ZAGR_5 116000 180000 122000 180000 116000 182000 122000 182000 
139 1 49 ZAGR_5 54000 120000 92000 120000 54000 124000 92000 124000 
140 1 49 ZAGR_5 100000 120000 108000 120000 100000 176000 108000 176000 
141 1 49 ZAGR_5 116000 120000 124000 120000 116000 180000 124000 180000 
142 1 49 ZAGR_5 54000 118000 90000 118000 54000 120000 90000 120000 
143 1 49 ZAGR_5 100000 114000 106000 114000 100000 120000 106000 120000 
144 1 49 ZAGR_5 100000 112000 108000 112000 100000 114000 108000 114000 
145 1 49 ZAGR_5 74000 106000 108000 106000 74000 112000 108000 112000 
146 1 49 ZAGR_5 52000 86000 68000 86000 52000 94000 68000 94000 
147 1 49 ZAGR_5 36000 66000 52000 66000 36000 74000 52000 74000 
148 1 49 ZAGR_5 20000 46000 38000 46000 20000 54000 38000 54000 
149 1 49 ZAGR_5 74000 40000 80000 40000 74000 106000 80000 106000 
150 1 49 ZAGR_5 40000 34000 80000 34000 40000 40000 80000 40000 
151 1 49 ZAGR_5 40000 32000 46000 32000 40000 34000 46000 34000 
152 1 49 ZAGR_5 20000 6000 28000 6000 20000 32000 28000 32000 
153 1 49 ZAGR_5 36000 26000 46000 26000 36000 32000 46000 32000 
154 1 49 ZAGR_5 68000 32000 80000 32000 68000 34000 80000 34000 
155 1 49 ZAGR_5 36000 12000 44000 12000 36000 26000 44000 26000 
156 1 49 ZAGR_5 52000 6000 60000 6000 52000 28000 60000 28000 
157 1 49 ZAGR_5 68000 12000 76000 12000 68000 32000 76000 32000 
158 1 49 ZAGR_5 -4000 -6000 132000 -6000 -4000 6000 132000 6000 
159 0 49 ZAGR_5 8000 200000 vdd
160 0 49 ZAGR_5 8000 0 gnd
161 0 49 ZAGR_5 40000 70000 B
162 0 49 ZAGR_5 56000 90000 C
163 0 49 ZAGR_5 24000 50000 A
164 0 49 ZAGR_5 104000 110000 Y
165 1 81 ZAGR_5 100000 106000 108000 106000 100000 114000 108000 114000 
166 1 81 ZAGR_5 52000 86000 60000 86000 52000 94000 60000 94000 
167 1 81 ZAGR_5 36000 66000 44000 66000 36000 74000 44000 74000 
168 1 81 ZAGR_5 20000 46000 28000 46000 20000 54000 28000 54000 
