4009
3 178037 172334 172336 
4 178038 172331 172333 172337 
4 178039 172332 172335 172338 
3 178040 172342 172344 
4 178041 172339 172341 172345 
4 178042 172340 172343 172346 
3 178043 172350 172352 
4 178044 172347 172349 172353 
4 178045 172348 172351 172354 
3 178046 172358 172360 
4 178047 172355 172357 172361 
4 178048 172356 172359 172362 
3 178049 172366 172368 
4 178050 172363 172365 172369 
4 178051 172364 172367 172370 
3 178052 172374 172376 
4 178053 172371 172373 172377 
4 178054 172372 172375 172378 
3 178055 172382 172384 
4 178056 172379 172381 172385 
4 178057 172380 172383 172386 
3 178058 172390 172392 
4 178059 172387 172389 172393 
4 178060 172388 172391 172394 
3 178061 172398 172400 
4 178062 172395 172397 172401 
4 178063 172396 172399 172402 
3 178064 172406 172408 
4 178065 172403 172405 172409 
4 178066 172404 172407 172410 
3 178067 172414 172416 
4 178068 172411 172413 172417 
4 178069 172412 172415 172418 
3 178070 172422 172424 
4 178071 172419 172421 172425 
4 178072 172420 172423 172426 
3 178073 172430 172432 
4 178074 172427 172429 172433 
4 178075 172428 172431 172434 
3 178076 172438 172440 
4 178077 172435 172437 172441 
4 178078 172436 172439 172442 
3 178079 172446 172448 
4 178080 172443 172445 172449 
4 178081 172444 172447 172450 
3 178082 172454 172456 
4 178083 172451 172453 172457 
4 178084 172452 172455 172458 
3 178085 172462 172464 
4 178086 172459 172461 172465 
4 178087 172460 172463 172466 
3 178088 172470 172472 
4 178089 172467 172469 172473 
4 178090 172468 172471 172474 
3 178091 172478 172480 
4 178092 172475 172477 172481 
4 178093 172476 172479 172482 
3 178094 172486 172488 
4 178095 172483 172485 172489 
4 178096 172484 172487 172490 
3 178097 172494 172496 
4 178098 172491 172493 172497 
4 178099 172492 172495 172498 
3 178100 172502 172504 
4 178101 172499 172501 172505 
4 178102 172500 172503 172506 
3 178103 172510 172512 
4 178104 172507 172509 172513 
4 178105 172508 172511 172514 
3 178106 172518 172520 
4 178107 172515 172517 172521 
4 178108 172516 172519 172522 
3 178109 172526 172528 
4 178110 172523 172525 172529 
4 178111 172524 172527 172530 
3 178112 172534 172536 
4 178113 172531 172533 172537 
4 178114 172532 172535 172538 
3 178115 172542 172544 
4 178116 172539 172541 172545 
4 178117 172540 172543 172546 
3 178118 172550 172552 
4 178119 172547 172549 172553 
4 178120 172548 172551 172554 
3 178121 172558 172560 
4 178122 172555 172557 172561 
4 178123 172556 172559 172562 
3 178124 172566 172568 
4 178125 172563 172565 172569 
4 178126 172564 172567 172570 
3 178127 172574 172576 
4 178128 172571 172573 172577 
4 178129 172572 172575 172578 
3 178130 172582 172584 
4 178131 172579 172581 172585 
4 178132 172580 172583 172586 
3 178133 172590 172592 
4 178134 172587 172589 172593 
4 178135 172588 172591 172594 
3 178136 172598 172600 
4 178137 172595 172597 172601 
4 178138 172596 172599 172602 
3 178139 172606 172608 
4 178140 172603 172605 172609 
4 178141 172604 172607 172610 
3 178142 172614 172616 
4 178143 172611 172613 172617 
4 178144 172612 172615 172618 
3 178145 172622 172624 
4 178146 172619 172621 172625 
4 178147 172620 172623 172626 
3 178148 172630 172632 
4 178149 172627 172629 172633 
4 178150 172628 172631 172634 
3 178151 172638 172640 
4 178152 172635 172637 172641 
4 178153 172636 172639 172642 
3 178154 172646 172648 
4 178155 172643 172645 172649 
4 178156 172644 172647 172650 
3 178157 172654 172656 
4 178158 172651 172653 172657 
4 178159 172652 172655 172658 
3 178160 172662 172664 
4 178161 172659 172661 172665 
4 178162 172660 172663 172666 
3 178163 172670 172672 
4 178164 172667 172669 172673 
4 178165 172668 172671 172674 
3 178166 172678 172680 
4 178167 172675 172677 172681 
4 178168 172676 172679 172682 
3 178169 172686 172688 
4 178170 172683 172685 172689 
4 178171 172684 172687 172690 
3 178172 172694 172696 
4 178173 172691 172693 172697 
4 178174 172692 172695 172698 
3 178175 172702 172704 
4 178176 172699 172701 172705 
4 178177 172700 172703 172706 
3 178178 172710 172712 
4 178179 172707 172709 172713 
4 178180 172708 172711 172714 
3 178181 172718 172720 
4 178182 172715 172717 172721 
4 178183 172716 172719 172722 
3 178184 172726 172728 
4 178185 172723 172725 172729 
4 178186 172724 172727 172730 
3 178187 172734 172736 
4 178188 172731 172733 172737 
4 178189 172732 172735 172738 
3 178190 172742 172744 
4 178191 172739 172741 172745 
4 178192 172740 172743 172746 
3 178193 172750 172752 
4 178194 172747 172749 172753 
4 178195 172748 172751 172754 
3 178196 172758 172760 
4 178197 172755 172757 172761 
4 178198 172756 172759 172762 
3 178199 172766 172768 
4 178200 172763 172765 172769 
4 178201 172764 172767 172770 
3 178202 172774 172776 
4 178203 172771 172773 172777 
4 178204 172772 172775 172778 
3 178205 172782 172784 
4 178206 172779 172781 172785 
4 178207 172780 172783 172786 
3 178208 172790 172792 
4 178209 172787 172789 172793 
4 178210 172788 172791 172794 
3 178211 172798 172800 
4 178212 172795 172797 172801 
4 178213 172796 172799 172802 
3 178214 172806 172808 
4 178215 172803 172805 172809 
4 178216 172804 172807 172810 
3 178217 172814 172816 
4 178218 172811 172813 172817 
4 178219 172812 172815 172818 
3 178220 172822 172824 
4 178221 172819 172821 172825 
4 178222 172820 172823 172826 
3 178223 172830 172832 
4 178224 172827 172829 172833 
4 178225 172828 172831 172834 
3 178226 172838 172840 
4 178227 172835 172837 172841 
4 178228 172836 172839 172842 
3 178229 172846 172848 
4 178230 172843 172845 172849 
4 178231 172844 172847 172850 
3 178232 172854 172856 
4 178233 172851 172853 172857 
4 178234 172852 172855 172858 
3 178235 172862 172864 
4 178236 172859 172861 172865 
4 178237 172860 172863 172866 
3 178238 172870 172872 
4 178239 172867 172869 172873 
4 178240 172868 172871 172874 
3 178241 172878 172880 
4 178242 172875 172877 172881 
4 178243 172876 172879 172882 
3 178244 172886 172888 
4 178245 172883 172885 172889 
4 178246 172884 172887 172890 
3 178247 172894 172896 
4 178248 172891 172893 172897 
4 178249 172892 172895 172898 
3 178250 172902 172904 
4 178251 172899 172901 172905 
4 178252 172900 172903 172906 
3 178253 172910 172912 
4 178254 172907 172909 172913 
4 178255 172908 172911 172914 
3 178256 172918 172920 
4 178257 172915 172917 172921 
4 178258 172916 172919 172922 
3 178259 172926 172928 
4 178260 172923 172925 172929 
4 178261 172924 172927 172930 
3 178262 172934 172936 
4 178263 172931 172933 172937 
4 178264 172932 172935 172938 
3 178265 172942 172944 
4 178266 172939 172941 172945 
4 178267 172940 172943 172946 
3 178268 172950 172952 
4 178269 172947 172949 172953 
4 178270 172948 172951 172954 
3 178271 172958 172960 
4 178272 172955 172957 172961 
4 178273 172956 172959 172962 
3 178274 172966 172968 
4 178275 172963 172965 172969 
4 178276 172964 172967 172970 
3 178277 172974 172976 
4 178278 172971 172973 172977 
4 178279 172972 172975 172978 
3 178280 172982 172984 
4 178281 172979 172981 172985 
4 178282 172980 172983 172986 
3 178283 172990 172992 
4 178284 172987 172989 172993 
4 178285 172988 172991 172994 
3 178286 172998 173000 
4 178287 172995 172997 173001 
4 178288 172996 172999 173002 
3 178289 173006 173008 
4 178290 173003 173005 173009 
4 178291 173004 173007 173010 
3 178292 173014 173016 
4 178293 173011 173013 173017 
4 178294 173012 173015 173018 
3 178295 173022 173024 
4 178296 173019 173021 173025 
4 178297 173020 173023 173026 
3 178298 173030 173032 
4 178299 173027 173029 173033 
4 178300 173028 173031 173034 
3 178301 173038 173040 
4 178302 173035 173037 173041 
4 178303 173036 173039 173042 
3 178304 173046 173048 
4 178305 173043 173045 173049 
4 178306 173044 173047 173050 
3 178307 173054 173056 
4 178308 173051 173053 173057 
4 178309 173052 173055 173058 
3 178310 173062 173064 
4 178311 173059 173061 173065 
4 178312 173060 173063 173066 
3 178313 173070 173072 
4 178314 173067 173069 173073 
4 178315 173068 173071 173074 
3 178316 173078 173080 
4 178317 173075 173077 173081 
4 178318 173076 173079 173082 
3 178319 173086 173088 
4 178320 173083 173085 173089 
4 178321 173084 173087 173090 
3 178322 173094 173096 
4 178323 173091 173093 173097 
4 178324 173092 173095 173098 
3 178325 173102 173104 
4 178326 173099 173101 173105 
4 178327 173100 173103 173106 
3 178328 173110 173112 
4 178329 173107 173109 173113 
4 178330 173108 173111 173114 
3 178331 173118 173120 
4 178332 173115 173117 173121 
4 178333 173116 173119 173122 
3 178334 173126 173128 
4 178335 173123 173125 173129 
4 178336 173124 173127 173130 
3 178337 173134 173136 
4 178338 173131 173133 173137 
4 178339 173132 173135 173138 
3 178340 173142 173144 
4 178341 173139 173141 173145 
4 178342 173140 173143 173146 
3 178343 173150 173152 
4 178344 173147 173149 173153 
4 178345 173148 173151 173154 
3 178346 173158 173160 
4 178347 173155 173157 173161 
4 178348 173156 173159 173162 
3 178349 173166 173168 
4 178350 173163 173165 173169 
4 178351 173164 173167 173170 
3 178352 173174 173176 
4 178353 173171 173173 173177 
4 178354 173172 173175 173178 
3 178355 173182 173184 
4 178356 173179 173181 173185 
4 178357 173180 173183 173186 
3 178358 173190 173192 
4 178359 173187 173189 173193 
4 178360 173188 173191 173194 
3 178361 173198 173200 
4 178362 173195 173197 173201 
4 178363 173196 173199 173202 
3 178364 173206 173208 
4 178365 173203 173205 173209 
4 178366 173204 173207 173210 
3 178367 173214 173216 
4 178368 173211 173213 173217 
4 178369 173212 173215 173218 
3 178370 173222 173224 
4 178371 173219 173221 173225 
4 178372 173220 173223 173226 
3 178373 173230 173232 
4 178374 173227 173229 173233 
4 178375 173228 173231 173234 
3 178376 173238 173240 
4 178377 173235 173237 173241 
4 178378 173236 173239 173242 
3 178379 173246 173248 
4 178380 173243 173245 173249 
4 178381 173244 173247 173250 
3 178382 173254 173256 
4 178383 173251 173253 173257 
4 178384 173252 173255 173258 
3 178385 173262 173264 
4 178386 173259 173261 173265 
4 178387 173260 173263 173266 
3 178388 173270 173272 
4 178389 173267 173269 173273 
4 178390 173268 173271 173274 
3 178391 173278 173280 
4 178392 173275 173277 173281 
4 178393 173276 173279 173282 
3 178394 173286 173288 
4 178395 173283 173285 173289 
4 178396 173284 173287 173290 
3 178397 173294 173296 
4 178398 173291 173293 173297 
4 178399 173292 173295 173298 
3 178400 173302 173304 
4 178401 173299 173301 173305 
4 178402 173300 173303 173306 
3 178403 173310 173312 
4 178404 173307 173309 173313 
4 178405 173308 173311 173314 
3 178406 173318 173320 
4 178407 173315 173317 173321 
4 178408 173316 173319 173322 
3 178409 173326 173328 
4 178410 173323 173325 173329 
4 178411 173324 173327 173330 
3 178412 173334 173336 
4 178413 173331 173333 173337 
4 178414 173332 173335 173338 
3 178415 173342 173344 
4 178416 173339 173341 173345 
4 178417 173340 173343 173346 
3 178418 173350 173352 
4 178419 173347 173349 173353 
4 178420 173348 173351 173354 
3 178421 173358 173360 
4 178422 173355 173357 173361 
4 178423 173356 173359 173362 
3 178424 173366 173368 
4 178425 173363 173365 173369 
4 178426 173364 173367 173370 
3 178427 173374 173376 
4 178428 173371 173373 173377 
4 178429 173372 173375 173378 
3 178430 173382 173384 
4 178431 173379 173381 173385 
4 178432 173380 173383 173386 
3 178433 173390 173392 
4 178434 173387 173389 173393 
4 178435 173388 173391 173394 
3 178436 173398 173400 
4 178437 173395 173397 173401 
4 178438 173396 173399 173402 
3 178439 173406 173408 
4 178440 173403 173405 173409 
4 178441 173404 173407 173410 
3 178442 173414 173416 
4 178443 173411 173413 173417 
4 178444 173412 173415 173418 
3 178445 173422 173424 
4 178446 173419 173421 173425 
4 178447 173420 173423 173426 
3 178448 173430 173432 
4 178449 173427 173429 173433 
4 178450 173428 173431 173434 
3 178451 173438 173440 
4 178452 173435 173437 173441 
4 178453 173436 173439 173442 
3 178454 173446 173448 
4 178455 173443 173445 173449 
4 178456 173444 173447 173450 
3 178457 173454 173456 
4 178458 173451 173453 173457 
4 178459 173452 173455 173458 
3 178460 173462 173464 
4 178461 173459 173461 173465 
4 178462 173460 173463 173466 
3 178463 173470 173472 
4 178464 173467 173469 173473 
4 178465 173468 173471 173474 
3 178466 173478 173480 
4 178467 173475 173477 173481 
4 178468 173476 173479 173482 
3 178469 173486 173488 
4 178470 173483 173485 173489 
4 178471 173484 173487 173490 
3 178472 173494 173496 
4 178473 173491 173493 173497 
4 178474 173492 173495 173498 
3 178475 173502 173504 
4 178476 173499 173501 173505 
4 178477 173500 173503 173506 
3 178478 173510 173512 
4 178479 173507 173509 173513 
4 178480 173508 173511 173514 
3 178481 173518 173520 
4 178482 173515 173517 173521 
4 178483 173516 173519 173522 
3 178484 173526 173528 
4 178485 173523 173525 173529 
4 178486 173524 173527 173530 
3 178487 173534 173536 
4 178488 173531 173533 173537 
4 178489 173532 173535 173538 
3 178490 173542 173544 
4 178491 173539 173541 173545 
4 178492 173540 173543 173546 
3 178493 173550 173552 
4 178494 173547 173549 173553 
4 178495 173548 173551 173554 
3 178496 173558 173560 
4 178497 173555 173557 173561 
4 178498 173556 173559 173562 
3 178499 173566 173568 
4 178500 173563 173565 173569 
4 178501 173564 173567 173570 
3 178502 173574 173576 
4 178503 173571 173573 173577 
4 178504 173572 173575 173578 
3 178505 173582 173584 
4 178506 173579 173581 173585 
4 178507 173580 173583 173586 
3 178508 173590 173592 
4 178509 173587 173589 173593 
4 178510 173588 173591 173594 
3 178511 173598 173600 
4 178512 173595 173597 173601 
4 178513 173596 173599 173602 
3 178514 173606 173608 
4 178515 173603 173605 173609 
4 178516 173604 173607 173610 
3 178517 173614 173616 
4 178518 173611 173613 173617 
4 178519 173612 173615 173618 
3 178520 173622 173624 
4 178521 173619 173621 173625 
4 178522 173620 173623 173626 
3 178523 173630 173632 
4 178524 173627 173629 173633 
4 178525 173628 173631 173634 
3 178526 173638 173640 
4 178527 173635 173637 173641 
4 178528 173636 173639 173642 
3 178529 173646 173648 
4 178530 173643 173645 173649 
4 178531 173644 173647 173650 
3 178532 173654 173656 
4 178533 173651 173653 173657 
4 178534 173652 173655 173658 
3 178535 173662 173664 
4 178536 173659 173661 173665 
4 178537 173660 173663 173666 
3 178538 173670 173672 
4 178539 173667 173669 173673 
4 178540 173668 173671 173674 
3 178541 173678 173680 
4 178542 173675 173677 173681 
4 178543 173676 173679 173682 
3 178544 173686 173688 
4 178545 173683 173685 173689 
4 178546 173684 173687 173690 
3 178547 173694 173696 
4 178548 173691 173693 173697 
4 178549 173692 173695 173698 
3 178550 173702 173704 
4 178551 173699 173701 173705 
4 178552 173700 173703 173706 
3 178553 173710 173712 
4 178554 173707 173709 173713 
4 178555 173708 173711 173714 
3 178556 173718 173720 
4 178557 173715 173717 173721 
4 178558 173716 173719 173722 
3 178559 173726 173728 
4 178560 173723 173725 173729 
4 178561 173724 173727 173730 
3 178562 173734 173736 
4 178563 173731 173733 173737 
4 178564 173732 173735 173738 
3 178565 173742 173744 
4 178566 173739 173741 173745 
4 178567 173740 173743 173746 
3 178568 173750 173752 
4 178569 173747 173749 173753 
4 178570 173748 173751 173754 
3 178571 173758 173760 
4 178572 173755 173757 173761 
4 178573 173756 173759 173762 
3 178574 173766 173768 
4 178575 173763 173765 173769 
4 178576 173764 173767 173770 
3 178577 173774 173776 
4 178578 173771 173773 173777 
4 178579 173772 173775 173778 
3 178580 173782 173784 
4 178581 173779 173781 173785 
4 178582 173780 173783 173786 
3 178583 173790 173792 
4 178584 173787 173789 173793 
4 178585 173788 173791 173794 
3 178586 173798 173800 
4 178587 173795 173797 173801 
4 178588 173796 173799 173802 
3 178589 173806 173808 
4 178590 173803 173805 173809 
4 178591 173804 173807 173810 
3 178592 173814 173816 
4 178593 173811 173813 173817 
4 178594 173812 173815 173818 
3 178595 173822 173824 
4 178596 173819 173821 173825 
4 178597 173820 173823 173826 
3 178598 173830 173832 
4 178599 173827 173829 173833 
4 178600 173828 173831 173834 
3 178601 173838 173840 
4 178602 173835 173837 173841 
4 178603 173836 173839 173842 
3 178604 173846 173848 
4 178605 173843 173845 173849 
4 178606 173844 173847 173850 
3 178607 173854 173856 
4 178608 173851 173853 173857 
4 178609 173852 173855 173858 
3 178610 173862 173864 
4 178611 173859 173861 173865 
4 178612 173860 173863 173866 
3 178613 173870 173872 
4 178614 173867 173869 173873 
4 178615 173868 173871 173874 
3 178616 173878 173880 
4 178617 173875 173877 173881 
4 178618 173876 173879 173882 
3 178619 173886 173888 
4 178620 173883 173885 173889 
4 178621 173884 173887 173890 
3 178622 173894 173896 
4 178623 173891 173893 173897 
4 178624 173892 173895 173898 
3 178625 173902 173904 
4 178626 173899 173901 173905 
4 178627 173900 173903 173906 
3 178628 173910 173912 
4 178629 173907 173909 173913 
4 178630 173908 173911 173914 
3 178631 173918 173920 
4 178632 173915 173917 173921 
4 178633 173916 173919 173922 
3 178634 173926 173928 
4 178635 173923 173925 173929 
4 178636 173924 173927 173930 
3 178637 173934 173936 
4 178638 173931 173933 173937 
4 178639 173932 173935 173938 
3 178640 173942 173944 
4 178641 173939 173941 173945 
4 178642 173940 173943 173946 
3 178643 173950 173952 
4 178644 173947 173949 173953 
4 178645 173948 173951 173954 
3 178646 173958 173960 
4 178647 173955 173957 173961 
4 178648 173956 173959 173962 
3 178649 173966 173968 
4 178650 173963 173965 173969 
4 178651 173964 173967 173970 
3 178652 173974 173976 
4 178653 173971 173973 173977 
4 178654 173972 173975 173978 
3 178655 173982 173984 
4 178656 173979 173981 173985 
4 178657 173980 173983 173986 
3 178658 173990 173992 
4 178659 173987 173989 173993 
4 178660 173988 173991 173994 
3 178661 173998 174000 
4 178662 173995 173997 174001 
4 178663 173996 173999 174002 
3 178664 174006 174008 
4 178665 174003 174005 174009 
4 178666 174004 174007 174010 
3 178667 174014 174016 
4 178668 174011 174013 174017 
4 178669 174012 174015 174018 
3 178670 174022 174024 
4 178671 174019 174021 174025 
4 178672 174020 174023 174026 
3 178673 174030 174032 
4 178674 174027 174029 174033 
4 178675 174028 174031 174034 
3 178676 174038 174040 
4 178677 174035 174037 174041 
4 178678 174036 174039 174042 
3 178679 174046 174048 
4 178680 174043 174045 174049 
4 178681 174044 174047 174050 
3 178682 174054 174056 
4 178683 174051 174053 174057 
4 178684 174052 174055 174058 
3 178685 174062 174064 
4 178686 174059 174061 174065 
4 178687 174060 174063 174066 
3 178688 174070 174072 
4 178689 174067 174069 174073 
4 178690 174068 174071 174074 
3 178691 174078 174080 
4 178692 174075 174077 174081 
4 178693 174076 174079 174082 
3 178694 174086 174088 
4 178695 174083 174085 174089 
4 178696 174084 174087 174090 
3 178697 174094 174096 
4 178698 174091 174093 174097 
4 178699 174092 174095 174098 
3 178700 174102 174104 
4 178701 174099 174101 174105 
4 178702 174100 174103 174106 
3 178703 174110 174112 
4 178704 174107 174109 174113 
4 178705 174108 174111 174114 
3 178706 174118 174120 
4 178707 174115 174117 174121 
4 178708 174116 174119 174122 
3 178709 174126 174128 
4 178710 174123 174125 174129 
4 178711 174124 174127 174130 
3 178712 174134 174136 
4 178713 174131 174133 174137 
4 178714 174132 174135 174138 
3 178715 174142 174144 
4 178716 174139 174141 174145 
4 178717 174140 174143 174146 
3 178718 174150 174152 
4 178719 174147 174149 174153 
4 178720 174148 174151 174154 
3 178721 174158 174160 
4 178722 174155 174157 174161 
4 178723 174156 174159 174162 
3 178724 174166 174168 
4 178725 174163 174165 174169 
4 178726 174164 174167 174170 
3 178727 174174 174176 
4 178728 174171 174173 174177 
4 178729 174172 174175 174178 
3 178730 174182 174184 
4 178731 174179 174181 174185 
4 178732 174180 174183 174186 
3 178733 174190 174192 
4 178734 174187 174189 174193 
4 178735 174188 174191 174194 
3 178736 174198 174200 
4 178737 174195 174197 174201 
4 178738 174196 174199 174202 
3 178739 174206 174208 
4 178740 174203 174205 174209 
4 178741 174204 174207 174210 
3 178742 174214 174216 
4 178743 174211 174213 174217 
4 178744 174212 174215 174218 
3 178745 174222 174224 
4 178746 174219 174221 174225 
4 178747 174220 174223 174226 
3 178748 174230 174232 
4 178749 174227 174229 174233 
4 178750 174228 174231 174234 
3 178751 174238 174240 
4 178752 174235 174237 174241 
4 178753 174236 174239 174242 
3 178754 174246 174248 
4 178755 174243 174245 174249 
4 178756 174244 174247 174250 
3 178757 174254 174256 
4 178758 174251 174253 174257 
4 178759 174252 174255 174258 
3 178760 174262 174264 
4 178761 174259 174261 174265 
4 178762 174260 174263 174266 
3 178763 174270 174272 
4 178764 174267 174269 174273 
4 178765 174268 174271 174274 
3 178766 174278 174280 
4 178767 174275 174277 174281 
4 178768 174276 174279 174282 
3 178769 174286 174288 
4 178770 174283 174285 174289 
4 178771 174284 174287 174290 
3 178772 174294 174296 
4 178773 174291 174293 174297 
4 178774 174292 174295 174298 
3 178775 174302 174304 
4 178776 174299 174301 174305 
4 178777 174300 174303 174306 
3 178778 174310 174312 
4 178779 174307 174309 174313 
4 178780 174308 174311 174314 
3 178781 174318 174320 
4 178782 174315 174317 174321 
4 178783 174316 174319 174322 
3 178784 174326 174328 
4 178785 174323 174325 174329 
4 178786 174324 174327 174330 
3 178787 174334 174336 
4 178788 174331 174333 174337 
4 178789 174332 174335 174338 
3 178790 174342 174344 
4 178791 174339 174341 174345 
4 178792 174340 174343 174346 
3 178793 174350 174352 
4 178794 174347 174349 174353 
4 178795 174348 174351 174354 
3 178796 174358 174360 
4 178797 174355 174357 174361 
4 178798 174356 174359 174362 
3 178799 174366 174368 
4 178800 174363 174365 174369 
4 178801 174364 174367 174370 
3 178802 174374 174376 
4 178803 174371 174373 174377 
4 178804 174372 174375 174378 
3 178805 174382 174384 
4 178806 174379 174381 174385 
4 178807 174380 174383 174386 
3 178808 174390 174392 
4 178809 174387 174389 174393 
4 178810 174388 174391 174394 
3 178811 174398 174400 
4 178812 174395 174397 174401 
4 178813 174396 174399 174402 
3 178814 174406 174408 
4 178815 174403 174405 174409 
4 178816 174404 174407 174410 
3 178817 174414 174416 
4 178818 174411 174413 174417 
4 178819 174412 174415 174418 
3 178820 174422 174424 
4 178821 174419 174421 174425 
4 178822 174420 174423 174426 
3 178823 174430 174432 
4 178824 174427 174429 174433 
4 178825 174428 174431 174434 
3 178826 174438 174440 
4 178827 174435 174437 174441 
4 178828 174436 174439 174442 
3 178829 174446 174448 
4 178830 174443 174445 174449 
4 178831 174444 174447 174450 
3 178832 174454 174456 
4 178833 174451 174453 174457 
4 178834 174452 174455 174458 
3 178835 174462 174464 
4 178836 174459 174461 174465 
4 178837 174460 174463 174466 
3 178838 174470 174472 
4 178839 174467 174469 174473 
4 178840 174468 174471 174474 
3 178841 174478 174480 
4 178842 174475 174477 174481 
4 178843 174476 174479 174482 
3 178844 174486 174488 
4 178845 174483 174485 174489 
4 178846 174484 174487 174490 
3 178847 174494 174496 
4 178848 174491 174493 174497 
4 178849 174492 174495 174498 
3 178850 174502 174504 
4 178851 174499 174501 174505 
4 178852 174500 174503 174506 
3 178853 174510 174512 
4 178854 174507 174509 174513 
4 178855 174508 174511 174514 
3 178856 174518 174520 
4 178857 174515 174517 174521 
4 178858 174516 174519 174522 
3 178859 174526 174528 
4 178860 174523 174525 174529 
4 178861 174524 174527 174530 
3 178862 174534 174536 
4 178863 174531 174533 174537 
4 178864 174532 174535 174538 
3 178865 174542 174544 
4 178866 174539 174541 174545 
4 178867 174540 174543 174546 
3 178868 174550 174552 
4 178869 174547 174549 174553 
4 178870 174548 174551 174554 
3 178871 174558 174560 
4 178872 174555 174557 174561 
4 178873 174556 174559 174562 
3 178874 174566 174568 
4 178875 174563 174565 174569 
4 178876 174564 174567 174570 
3 178877 174574 174576 
4 178878 174571 174573 174577 
4 178879 174572 174575 174578 
3 178880 174582 174584 
4 178881 174579 174581 174585 
4 178882 174580 174583 174586 
3 178883 174590 174592 
4 178884 174587 174589 174593 
4 178885 174588 174591 174594 
3 178886 174598 174600 
4 178887 174595 174597 174601 
4 178888 174596 174599 174602 
3 178889 174606 174608 
4 178890 174603 174605 174609 
4 178891 174604 174607 174610 
3 178892 174614 174616 
4 178893 174611 174613 174617 
4 178894 174612 174615 174618 
3 178895 174622 174624 
4 178896 174619 174621 174625 
4 178897 174620 174623 174626 
3 178898 174630 174632 
4 178899 174627 174629 174633 
4 178900 174628 174631 174634 
3 178901 174638 174640 
4 178902 174635 174637 174641 
4 178903 174636 174639 174642 
3 178904 174646 174648 
4 178905 174643 174645 174649 
4 178906 174644 174647 174650 
3 178907 174654 174656 
4 178908 174651 174653 174657 
4 178909 174652 174655 174658 
3 178910 174662 174664 
4 178911 174659 174661 174665 
4 178912 174660 174663 174666 
3 178913 174670 174672 
4 178914 174667 174669 174673 
4 178915 174668 174671 174674 
3 178916 174678 174680 
4 178917 174675 174677 174681 
4 178918 174676 174679 174682 
3 178919 174686 174688 
4 178920 174683 174685 174689 
4 178921 174684 174687 174690 
3 178922 174694 174696 
4 178923 174691 174693 174697 
4 178924 174692 174695 174698 
3 178925 174702 174704 
4 178926 174699 174701 174705 
4 178927 174700 174703 174706 
3 178928 174710 174712 
4 178929 174707 174709 174713 
4 178930 174708 174711 174714 
3 178931 174718 174720 
4 178932 174715 174717 174721 
4 178933 174716 174719 174722 
3 178934 174726 174728 
4 178935 174723 174725 174729 
4 178936 174724 174727 174730 
3 178937 174734 174736 
4 178938 174731 174733 174737 
4 178939 174732 174735 174738 
3 178940 174742 174744 
4 178941 174739 174741 174745 
4 178942 174740 174743 174746 
3 178943 174750 174752 
4 178944 174747 174749 174753 
4 178945 174748 174751 174754 
3 178946 174758 174760 
4 178947 174755 174757 174761 
4 178948 174756 174759 174762 
3 178949 174766 174768 
4 178950 174763 174765 174769 
4 178951 174764 174767 174770 
3 178952 174774 174776 
4 178953 174771 174773 174777 
4 178954 174772 174775 174778 
3 178955 174782 174784 
4 178956 174779 174781 174785 
4 178957 174780 174783 174786 
3 178958 174790 174792 
4 178959 174787 174789 174793 
4 178960 174788 174791 174794 
3 178961 174798 174800 
4 178962 174795 174797 174801 
4 178963 174796 174799 174802 
3 178964 174806 174808 
4 178965 174803 174805 174809 
4 178966 174804 174807 174810 
3 178967 174814 174816 
4 178968 174811 174813 174817 
4 178969 174812 174815 174818 
3 178970 174822 174824 
4 178971 174819 174821 174825 
4 178972 174820 174823 174826 
3 178973 174830 174832 
4 178974 174827 174829 174833 
4 178975 174828 174831 174834 
3 178976 174838 174840 
4 178977 174835 174837 174841 
4 178978 174836 174839 174842 
3 178979 174846 174848 
4 178980 174843 174845 174849 
4 178981 174844 174847 174850 
3 178982 174854 174856 
4 178983 174851 174853 174857 
4 178984 174852 174855 174858 
3 178985 174862 174864 
4 178986 174859 174861 174865 
4 178987 174860 174863 174866 
3 178988 174870 174872 
4 178989 174867 174869 174873 
4 178990 174868 174871 174874 
3 178991 174878 174880 
4 178992 174875 174877 174881 
4 178993 174876 174879 174882 
3 178994 174886 174888 
4 178995 174883 174885 174889 
4 178996 174884 174887 174890 
5 179003 175695 175696 175697 175698 
2 179004 174891 
5 179008 175814 175815 175816 175871 
5 179022 175674 175675 175676 175677 
2 179023 174892 
5 179024 176295 176296 176297 176298 
2 179026 174893 
5 179027 176444 176445 176448 176451 
5 179031 176488 176489 176490 176491 
2 179035 174902 
5 179036 176606 176607 176608 176610 
2 179039 174903 
2 179041 174904 
5 179049 176468 176469 176470 176471 
2 179050 174905 
5 179051 177125 177126 177127 177128 
2 179052 174906 
5 179053 177240 177241 177242 177243 
2 179116 174978 
2 179128 174944 
2 179129 174945 
2 179141 174912 
2 179143 174911 
2 179145 174916 
2 179147 174913 
2 179149 174917 
2 179151 174918 
2 179152 174919 
2 179156 174924 
2 179159 174920 
2 179160 174921 
2 179164 174923 
2 179166 174929 
2 179168 174933 
2 179169 174934 
2 179172 174941 
2 179173 174927 
2 179175 174928 
2 179181 174930 
2 179182 174931 
2 179183 174935 
2 179188 174936 
2 179189 174937 
2 179192 174932 
2 179194 174907 
2 179195 174909 
2 179197 174910 
2 179200 174938 
2 179203 174943 
2 179204 174950 
2 179205 174914 
2 179206 174915 
2 179207 174939 
2 179208 174947 
2 179209 174948 
2 179212 174922 
2 179217 174925 
2 179219 174949 
2 179220 174926 
2 179221 174940 
2 179224 174942 
2 179225 174908 
2 179227 174986 
2 179228 174990 
2 179233 174987 
2 179242 174964 
2 179243 174980 
2 179248 174951 
2 179249 174972 
2 179250 174967 
2 179252 174966 
2 179253 174955 
2 179254 174956 
2 179255 174957 
2 179257 174958 
2 179258 174954 
2 179265 174959 
2 179267 174969 
2 179268 174970 
5 179269 174973 174974 174975 174976 
2 179274 174960 
2 179275 174971 
5 179277 174963 174983 174984 174985 
2 179278 174961 
2 179279 174977 
2 179280 174979 
2 179281 174988 
2 179283 174982 
2 179284 174952 
2 179285 174953 
2 179287 174962 
2 179288 174965 
2 179289 174989 
2 179290 174968 
2 179291 175049 
2 179302 175048 
2 179303 174993 
2 179304 174997 
2 179306 175009 
2 179307 175010 
2 179308 175015 
2 179309 174992 
2 179315 175002 
2 179318 175005 
2 179319 175006 
2 179320 175047 
2 179321 175016 
2 179323 175007 
2 179325 175017 
2 179327 174981 
2 179331 174996 
2 179336 175014 
2 179338 175018 
2 179340 175011 
2 179341 175012 
2 179342 175013 
2 179343 174991 
2 179344 175046 
2 179345 174995 
2 179347 174998 
2 179348 174999 
2 179349 175000 
2 179350 175043 
2 179352 175004 
2 179353 175050 
2 179354 175001 
2 179355 175003 
2 179356 175008 
2 179358 175044 
2 179359 175045 
2 179362 174994 
2 179364 175038 
2 179365 175037 
5 179369 175021 175022 175023 175024 
2 179370 175025 
2 179372 175028 
2 179375 175029 
2 179377 175031 
2 179378 175032 
2 179380 175030 
2 179381 175039 
2 179382 175042 
2 179387 175035 
2 179389 175036 
2 179390 175034 
2 179391 175019 
2 179393 175020 
2 179395 175026 
2 179396 175027 
2 179399 175041 
2 179401 175040 
2 179406 175033 
2 179411 175073 
2 179412 175094 
2 179421 175054 
2 179424 174946 
2 179426 175061 
2 179427 175064 
2 179428 175096 
2 179429 175097 
2 179430 175098 
2 179432 175102 
2 179433 175052 
2 179434 175057 
2 179436 175053 
2 179438 175065 
2 179441 175055 
2 179442 175069 
2 179448 175080 
2 179451 175066 
2 179452 175067 
2 179454 175060 
2 179455 175086 
2 179456 175099 
2 179457 175081 
2 179458 175100 
2 179459 175068 
2 179460 175070 
2 179461 175079 
2 179464 175056 
2 179465 175082 
2 179469 175091 
2 179470 175058 
2 179475 175088 
2 179477 175093 
2 179482 175062 
2 179483 175071 
2 179486 175092 
2 179487 175101 
2 179488 175103 
2 179489 175087 
2 179491 175072 
2 179493 175063 
2 179495 175076 
2 179497 175074 
2 179500 175075 
2 179502 175083 
2 179504 175089 
2 179512 175077 
2 179513 175084 
2 179514 175090 
2 179515 175051 
2 179518 175059 
2 179521 175078 
2 179522 175085 
2 179527 175095 
2 179533 175127 
2 179535 175118 
2 179538 175248 
2 179549 175125 
2 179550 175114 
2 179552 175128 
2 179555 175104 
2 179558 175134 
2 179559 175135 
2 179562 175126 
2 179564 175107 
2 179566 175117 
2 179567 175119 
2 179568 175129 
2 179569 175130 
2 179572 175111 
2 179575 175131 
2 179576 175132 
2 179577 175112 
2 179578 175113 
2 179580 175115 
2 179582 175116 
2 179585 175105 
2 179586 175106 
2 179587 175108 
2 179588 175109 
2 179590 175110 
2 179591 175123 
2 179595 175133 
2 179597 175120 
2 179602 175121 
2 179603 175136 
2 179604 175124 
2 179605 175137 
2 179606 175138 
2 179607 175171 
2 179609 175172 
2 179611 175154 
2 179612 175155 
2 179618 175139 
2 179620 175157 
2 179622 175166 
2 179624 175140 
2 179627 175152 
2 179629 175153 
2 179631 175141 
2 179632 175162 
2 179635 175148 
2 179636 175149 
2 179638 175156 
2 179641 175163 
2 179642 175144 
2 179643 175164 
2 179650 175167 
2 179651 175168 
2 179653 175169 
2 179657 175150 
2 179659 175151 
2 179661 175142 
2 179670 175158 
2 179671 175165 
2 179672 175145 
2 179673 175146 
2 179676 175143 
2 179677 175170 
2 179680 175160 
2 179681 175161 
2 179683 175147 
2 179694 175184 
2 179695 175181 
2 179699 175182 
2 179700 175226 
2 179701 175205 
2 179702 175193 
2 179710 175221 
2 179711 175223 
2 179712 175224 
2 179713 175203 
2 179715 175214 
2 179716 175204 
2 179718 175185 
2 179720 175188 
2 179722 175187 
2 179723 175192 
2 179724 175183 
2 179726 175174 
2 179727 175211 
2 179728 175225 
2 179730 175215 
2 179731 175220 
2 179736 175191 
2 179741 175231 
2 179743 175218 
2 179744 175189 
2 179746 175173 
2 179747 175190 
2 179748 175186 
2 179750 175197 
2 179753 175217 
2 179754 175194 
2 179759 175159 
2 179761 175210 
2 179762 175195 
2 179770 175208 
2 179771 175209 
2 179774 175227 
3 179776 175196 179793 
2 179777 175198 
2 179779 175206 
2 179780 175212 
2 179781 175213 
2 179783 175216 
2 179784 175222 
2 179786 175176 
2 179787 175177 
2 179790 175175 
2 179797 175200 
2 179799 175228 
2 179801 175201 
2 179803 175179 
2 179805 175199 
2 179806 175229 
2 179807 175202 
2 179810 175219 
2 179812 175180 
2 179815 175207 
2 179816 175230 
2 179818 175178 
2 179820 175260 
2 179821 175242 
2 179823 175232 
2 179825 175266 
2 179826 175267 
2 179829 175259 
2 179831 175278 
2 179839 175264 
2 179843 175274 
2 179849 175269 
2 179850 175268 
2 179853 175291 
2 179854 175234 
2 179855 175235 
2 179856 175261 
2 179859 175288 
2 179861 175265 
2 179864 175272 
2 179865 175273 
2 179866 175236 
2 179868 175240 
2 179869 175122 
2 179873 175244 
2 179874 175245 
2 179875 175275 
2 179882 175270 
2 179885 175246 
2 179886 175249 
2 179887 175254 
2 179891 175257 
2 179896 175276 
2 179898 175279 
2 179899 175280 
2 179901 175247 
2 179902 175258 
2 179903 175277 
2 179906 175241 
2 179907 175287 
2 179908 175289 
2 179909 175290 
2 179911 175262 
2 179913 175271 
2 179914 175255 
2 179916 175281 
2 179917 175243 
2 179918 175263 
2 179920 175282 
2 179921 175237 
2 179926 175238 
2 179927 175239 
2 179929 175250 
2 179934 175286 
2 179938 175233 
2 179939 175251 
2 179940 175253 
2 179941 175252 
2 179942 175283 
2 179943 175256 
2 179947 175285 
2 179948 175284 
2 179956 175325 
2 179962 175333 
2 179971 175314 
2 179974 175339 
2 179976 175311 
2 179977 175312 
2 179978 175320 
2 179979 175324 
2 179981 175326 
2 179982 175327 
2 179984 175330 
2 179985 175331 
2 179987 175292 
2 179988 175293 
2 179989 175294 
2 179990 175300 
2 179992 175332 
2 179993 175301 
2 179997 175308 
2 179998 175315 
2 180000 175317 
2 180005 175302 
2 180009 175340 
2 180012 175307 
2 180013 175295 
2 180014 175296 
2 180015 175297 
2 180016 175298 
2 180017 175299 
2 180018 175303 
2 180019 175304 
2 180020 175305 
2 180021 175306 
2 180024 175309 
2 180026 175316 
2 180031 175310 
2 180035 175313 
2 180041 175318 
2 180044 175319 
2 180046 175321 
2 180047 175322 
2 180049 175328 
2 180050 175329 
2 180057 175323 
2 180061 175341 
2 180064 175394 
2 180066 175353 
2 180069 175379 
2 180072 175342 
2 180073 175363 
2 180075 175344 
2 180078 175343 
2 180079 175346 
2 180082 175377 
2 180084 175386 
2 180091 175376 
2 180096 175380 
2 180099 175354 
2 180100 175381 
2 180105 175349 
2 180107 175358 
2 180108 175359 
2 180110 175348 
2 180112 175365 
2 180113 175350 
2 180114 175387 
2 180115 175357 
2 180116 175391 
2 180120 175368 
2 180121 175382 
2 180122 175383 
2 180123 175388 
2 180126 175389 
2 180127 175392 
2 180128 175390 
2 180131 175366 
2 180132 175367 
2 180134 175360 
2 180135 175361 
2 180138 175378 
2 180141 175347 
2 180144 175355 
2 180145 175356 
2 180146 175364 
2 180149 175384 
2 180150 175385 
2 180151 175345 
2 180154 175351 
2 180156 175352 
2 180158 175362 
2 180160 175393 
2 180162 175419 
2 180164 175430 
2 180165 175431 
2 180167 175413 
2 180168 175417 
2 180173 175404 
2 180174 175405 
2 180175 175408 
2 180180 175411 
2 180183 175412 
2 180184 175418 
2 180188 175406 
2 180190 175398 
2 180191 175399 
2 180196 175402 
2 180197 175403 
2 180207 175372 
2 180208 175373 
2 180210 175421 
2 180214 175424 
2 180215 175374 
2 180217 175375 
2 180218 175420 
2 180220 175422 
2 180221 175423 
2 180226 175425 
2 180227 175426 
2 180228 175427 
2 180229 175428 
2 180230 175432 
2 180231 175395 
2 180232 175396 
2 180233 175397 
2 180234 175400 
2 180235 175407 
2 180236 175409 
2 180241 175410 
2 180243 175369 
2 180244 175370 
2 180246 175371 
2 180250 175429 
2 180251 175401 
2 180257 175416 
2 180258 175414 
2 180259 175415 
2 180266 175464 
2 180267 175450 
2 180268 175451 
2 180271 175452 
2 180272 175460 
2 180275 175440 
2 180276 175337 
2 180279 175338 
2 180280 175449 
2 180283 175443 
2 180284 175442 
2 180286 175448 
2 180290 175441 
2 180293 175465 
2 180297 175471 
2 180299 175433 
2 180300 175336 
2 180301 175472 
2 180302 175473 
2 180303 175434 
2 180308 175476 
2 180309 175334 
2 180312 175470 
2 180313 175335 
2 180317 175447 
2 180321 175436 
2 180322 175466 
2 180323 175437 
2 180327 175444 
2 180330 175468 
2 180331 175469 
2 180333 175453 
2 180334 175454 
2 180336 175455 
2 180339 175462 
2 180345 175474 
2 180346 175467 
2 180350 175435 
2 180352 175463 
2 180358 175445 
2 180359 175446 
2 180360 175475 
2 180361 175438 
2 180362 175456 
2 180365 175461 
2 180373 175439 
2 180374 175457 
2 180375 175458 
2 180376 175459 
2 180389 175510 
2 180391 175513 
2 180392 175481 
2 180393 175482 
2 180394 175483 
2 180395 175493 
2 180396 175499 
2 180397 175491 
2 180398 175498 
2 180399 175514 
2 180400 175511 
2 180403 175492 
2 180406 175508 
2 180407 175509 
2 180410 175506 
2 180412 175517 
2 180413 175496 
2 180414 175507 
2 180419 175484 
2 180420 175485 
2 180421 175486 
2 180422 175494 
2 180423 175495 
2 180425 175503 
2 180429 175501 
2 180430 175504 
2 180431 175515 
2 180432 175516 
2 180434 175512 
2 180435 175497 
2 180436 175488 
2 180437 175489 
2 180438 175490 
2 180440 175487 
2 180445 175500 
2 180446 175505 
2 180449 175502 
2 180451 175543 
2 180454 175541 
2 180455 175565 
2 180458 175522 
2 180460 175527 
2 180462 175550 
2 180467 175520 
2 180468 175563 
2 180469 175562 
2 180471 175564 
2 180476 175521 
2 180477 175528 
2 180481 175519 
2 180488 175530 
2 180489 175559 
2 180490 175546 
2 180491 175560 
5 180492 175532 175533 175534 175535 
2 180496 175561 
2 180498 175547 
2 180499 175548 
2 180501 175553 
2 180502 175554 
2 180503 175529 
2 180505 175536 
2 180507 175545 
2 180508 175567 
2 180513 175568 
2 180514 175566 
2 180515 175569 
2 180516 175570 
2 180519 175523 
2 180522 175571 
2 180523 175518 
2 180524 175551 
2 180525 175552 
2 180526 175549 
2 180528 175558 
2 180529 175555 
2 180532 175531 
2 180535 175538 
2 180536 175539 
2 180537 175525 
2 180538 175540 
2 180542 175556 
2 180546 175557 
2 180547 175526 
2 180549 175537 
2 180550 175524 
2 180553 175615 
2 180554 175610 
2 180557 175625 
2 180558 175618 
2 180560 175613 
2 180562 175619 
2 180564 175583 
2 180566 175544 
2 180569 175586 
2 180571 175591 
2 180572 175585 
2 180575 175602 
2 180576 175584 
2 180580 175580 
2 180584 175572 
2 180585 175573 
2 180587 175574 
2 180588 175582 
2 180590 175590 
2 180593 175623 
2 180594 175621 
2 180596 175622 
2 180600 175575 
2 180601 175576 
2 180602 175577 
2 180603 175542 
5 180605 175592 175601 175609 175620 
2 180607 175587 
2 180613 175604 
2 180614 175605 
2 180618 175593 
2 180619 175588 
2 180621 175611 
2 180622 175594 
2 180623 175595 
2 180626 175606 
2 180630 175596 
2 180631 175597 
2 180632 175624 
2 180635 175616 
2 180637 175603 
2 180639 175617 
2 180644 175600 
2 180646 175608 
2 180647 175612 
2 180648 175614 
2 180649 175607 
2 180650 175578 
2 180651 175581 
2 180652 175598 
2 180656 175589 
2 180658 175579 
2 180659 175599 
2 180663 175640 
2 180671 175635 
2 180672 175643 
2 180674 175633 
2 180675 175634 
2 180676 175631 
2 180680 175632 
2 180682 175665 
2 180683 175627 
2 180685 175649 
2 180687 175666 
2 180689 175480 
2 180691 175667 
2 180692 175661 
2 180693 175664 
2 180696 175477 
2 180697 175478 
2 180698 175479 
2 180703 175628 
2 180710 175646 
2 180713 175669 
2 180714 175670 
2 180719 175653 
2 180721 175650 
2 180722 175651 
2 180723 175644 
2 180725 175630 
2 180726 175639 
2 180727 175658 
2 180728 175629 
2 180729 175652 
2 180731 175636 
2 180732 175637 
2 180733 175638 
2 180734 175668 
2 180737 175645 
2 180741 175662 
2 180742 175654 
2 180744 175641 
2 180745 175659 
2 180751 175655 
2 180752 175656 
2 180754 175647 
2 180757 175671 
2 180760 175642 
2 180763 175648 
2 180767 175672 
2 180771 175673 
2 180775 175657 
2 180777 175663 
2 180781 175660 
2 180783 175626 
2 180822 175740 
2 180827 175764 
2 180831 175792 
2 180832 175700 
2 180834 175706 
2 180835 175707 
2 180837 175717 
2 180839 175689 
2 180844 175710 
2 180847 175711 
2 180854 175691 
2 180855 175678 
2 180856 175679 
2 180858 175680 
2 180860 175693 
2 180861 175694 
2 180862 175703 
2 180863 175714 
2 180864 175715 
2 180865 175708 
2 180866 175709 
2 180868 175688 
2 180870 175690 
2 180873 175705 
2 180874 175712 
2 180875 175681 
2 180876 175682 
2 180880 175683 
2 180884 175713 
2 180885 175684 
2 180889 175685 
2 180890 175686 
2 180891 175687 
2 180894 175699 
2 180896 175692 
2 180897 175701 
2 180898 175702 
2 180900 175716 
2 180906 175725 
2 180908 175728 
2 180909 175743 
2 180910 175749 
2 180911 175731 
2 180912 175732 
2 180913 175733 
2 180915 175744 
2 180916 175745 
2 180918 175734 
2 180920 175719 
2 180921 175720 
2 180922 175722 
2 180929 175729 
2 180930 175730 
2 180933 175726 
2 180934 175747 
2 180935 175746 
2 180936 175727 
2 180937 175748 
2 180942 175750 
2 180947 175735 
2 180949 175736 
2 180950 175737 
2 180951 175738 
2 180952 175739 
2 180953 175741 
2 180954 175718 
2 180956 175721 
2 180957 175723 
2 180958 175742 
2 180959 175724 
2 180960 175802 
2 180962 175798 
2 180968 175766 
2 180969 175767 
2 180970 175768 
2 180971 175771 
2 180976 175803 
2 180977 175773 
2 180984 175801 
2 180986 175769 
2 180987 175770 
2 180988 175799 
2 180989 175765 
2 180994 175787 
2 180995 175782 
2 180996 175775 
2 180997 175800 
2 180999 175796 
2 181000 175774 
2 181003 175776 
2 181008 175753 
2 181009 175754 
2 181010 175755 
2 181011 175756 
2 181013 175778 
2 181014 175794 
2 181015 175795 
2 181016 175777 
2 181017 175783 
2 181018 175786 
2 181021 175772 
2 181023 175797 
2 181024 175779 
2 181025 175780 
2 181029 175757 
2 181030 175788 
2 181031 175789 
2 181032 175758 
2 181033 175759 
2 181034 175760 
2 181037 175793 
2 181042 175784 
2 181045 175781 
2 181046 175791 
2 181052 175751 
2 181055 175752 
2 181057 175790 
2 181059 175785 
2 181063 175761 
2 181064 175762 
2 181065 175763 
2 181076 175704 
2 181077 175824 
2 181078 175825 
2 181079 175875 
2 181080 175846 
2 181081 175869 
2 181086 175827 
2 181089 175805 
2 181090 175806 
2 181092 175842 
2 181098 175858 
2 181100 175863 
2 181101 175864 
2 181102 175865 
2 181103 175866 
2 181104 175867 
2 181105 175868 
2 181106 175822 
2 181107 175823 
2 181108 175874 
2 181109 175829 
2 181110 175830 
2 181111 175831 
2 181117 175845 
2 181120 175872 
2 181121 175848 
2 181124 175849 
2 181125 175852 
2 181127 175838 
2 181129 175847 
2 181134 175828 
2 181139 175818 
2 181140 175819 
2 181142 175873 
2 181144 175826 
2 181148 175804 
2 181151 175817 
2 181152 175832 
2 181156 175820 
2 181157 175821 
2 181158 175870 
2 181161 175850 
2 181164 175809 
2 181165 175840 
2 181167 175855 
2 181168 175856 
2 181169 175843 
2 181172 175808 
2 181174 175839 
2 181176 175853 
2 181177 175854 
2 181179 175859 
2 181180 175860 
2 181181 175807 
2 181182 175833 
2 181183 175834 
2 181185 175837 
2 181187 175844 
2 181192 175851 
2 181193 175835 
2 181194 175836 
2 181196 175811 
2 181197 175812 
2 181200 175857 
2 181201 175861 
2 181202 175862 
2 181206 175810 
2 181212 175813 
2 181213 175841 
2 181227 175918 
2 181228 175884 
2 181231 175909 
2 181232 175882 
2 181233 175916 
2 181238 175892 
2 181243 175917 
2 181244 175876 
2 181245 175877 
2 181246 175879 
2 181247 175893 
2 181248 175894 
5 181252 175905 175906 175907 175908 
2 181254 175915 
2 181255 175878 
2 181256 175885 
2 181261 175887 
2 181262 175888 
2 181263 175898 
2 181269 175896 
2 181272 175897 
2 181273 175880 
2 181275 175895 
5 181276 175901 175902 175903 175904 
2 181279 175881 
2 181283 175883 
2 181284 175891 
2 181288 175899 
2 181289 175910 
2 181291 175911 
2 181292 175912 
2 181293 175886 
2 181299 175889 
2 181300 175890 
2 181303 175913 
2 181304 175914 
2 181306 175900 
2 181307 175934 
2 181310 175930 
2 181312 175943 
2 181313 175952 
2 181314 175922 
2 181316 175926 
2 181321 175919 
2 181323 175920 
2 181326 175936 
2 181327 175923 
2 181329 175946 
2 181330 175950 
2 181331 175951 
2 181332 175940 
2 181333 175941 
2 181335 175924 
2 181336 175947 
2 181337 175948 
2 181340 175942 
2 181341 175925 
2 181349 175921 
2 181350 175931 
2 181354 175937 
2 181356 175935 
2 181357 175944 
2 181358 175927 
2 181360 175928 
2 181362 175939 
2 181364 175938 
2 181365 175932 
2 181368 175945 
2 181369 175929 
2 181371 175949 
2 181373 175933 
2 181376 175956 
2 181377 175985 
2 181378 175967 
2 181380 175999 
2 181382 175968 
2 181383 176001 
2 181384 175959 
2 181387 175992 
2 181388 175987 
2 181392 175986 
2 181396 175981 
2 181401 175982 
2 181403 175960 
2 181404 175963 
2 181405 175964 
2 181408 175979 
2 181409 175980 
2 181412 175995 
2 181413 175969 
2 181414 175990 
2 181415 175973 
2 181416 175974 
2 181417 175975 
2 181419 175976 
2 181420 175970 
2 181421 175971 
2 181422 175977 
2 181425 176002 
2 181426 175965 
2 181429 175972 
2 181433 175988 
2 181434 175962 
2 181437 175996 
2 181438 175957 
2 181439 175961 
2 181443 175953 
2 181444 175954 
2 181445 175955 
2 181446 175983 
2 181447 175984 
2 181450 175989 
2 181452 176000 
2 181457 175997 
2 181461 175991 
2 181462 175966 
2 181463 175978 
2 181464 175993 
2 181465 175994 
2 181466 175998 
2 181472 175958 
2 181475 176023 
2 181476 176040 
2 181479 176022 
2 181484 176044 
2 181485 176045 
2 181486 176025 
2 181487 176026 
2 181489 176027 
2 181490 176047 
2 181491 176048 
2 181492 176053 
2 181494 176055 
2 181499 176041 
2 181501 176043 
2 181503 176018 
2 181504 176020 
2 181505 176021 
2 181507 176019 
2 181511 176033 
2 181514 176009 
2 181518 176028 
2 181519 176005 
2 181520 176017 
2 181521 176010 
2 181524 176008 
2 181527 176031 
2 181528 176032 
2 181530 176052 
2 181532 176046 
2 181535 176054 
2 181538 176024 
2 181539 176004 
2 181542 176034 
2 181543 176039 
2 181544 176030 
2 181545 176012 
2 181546 176011 
2 181548 176035 
2 181549 176059 
2 181551 176056 
2 181552 176013 
2 181555 176037 
2 181559 176050 
2 181562 176029 
2 181563 176038 
2 181564 176042 
2 181565 176058 
5 181566 176003 176006 176007 176049 
2 181567 176015 
2 181571 176057 
2 181573 176014 
2 181576 176016 
2 181579 176036 
2 181580 176051 
2 181597 176106 
2 181598 176065 
2 181604 176076 
2 181605 176083 
2 181607 176084 
2 181610 176080 
2 181612 176086 
5 181616 176102 176103 176104 176105 
2 181619 176070 
2 181620 176081 
2 181621 176082 
2 181622 176071 
2 181623 176087 
2 181625 176072 
2 181629 176113 
2 181631 176077 
2 181632 176114 
2 181635 176116 
2 181636 176069 
2 181640 176112 
2 181642 176078 
2 181643 176079 
2 181645 176085 
2 181649 176097 
2 181652 176121 
2 181653 176060 
2 181655 176110 
2 181657 176111 
2 181658 176119 
2 181659 176098 
2 181661 176063 
2 181662 176064 
2 181668 176073 
2 181669 176109 
2 181671 176120 
2 181677 176117 
2 181679 176107 
2 181683 176061 
2 181686 176074 
2 181689 176118 
2 181692 176115 
2 181693 176062 
2 181694 176075 
2 181695 176099 
2 181698 176066 
2 181700 176067 
2 181701 176068 
2 181703 176100 
2 181704 176101 
2 181705 176108 
2 181712 176133 
2 181715 176147 
2 181718 176142 
2 181720 176143 
2 181722 176130 
2 181723 176146 
2 181726 176171 
2 181727 176172 
2 181728 176129 
2 181729 176144 
2 181730 176145 
2 181731 176150 
2 181736 176131 
2 181739 176140 
2 181743 176132 
2 181744 176134 
2 181745 176138 
2 181746 176139 
2 181747 176170 
2 181748 176123 
2 181749 176136 
2 181750 176137 
2 181751 176149 
2 181754 176124 
2 181759 176155 
2 181760 176151 
2 181761 176156 
2 181762 176165 
2 181765 176152 
2 181768 176173 
2 181769 176174 
2 181770 176141 
2 181772 176175 
2 181774 176176 
2 181777 176127 
2 181779 176164 
2 181781 176128 
2 181783 176157 
2 181784 176158 
2 181787 176159 
2 181790 176160 
2 181791 176161 
2 181792 176162 
2 181794 176163 
2 181796 176148 
2 181797 176135 
2 181798 176166 
2 181799 176167 
2 181801 176153 
2 181805 176154 
2 181811 176201 
2 181813 176202 
2 181814 176203 
2 181815 176186 
2 181816 176188 
2 181819 176181 
2 181822 176215 
2 181823 176197 
2 181824 176198 
2 181826 176183 
2 181830 176204 
2 181831 176205 
2 181834 176189 
2 181836 176214 
2 181837 176190 
2 181838 176192 
2 181845 176168 
2 181847 176199 
2 181849 176169 
2 181850 176216 
2 181851 176178 
2 181852 176208 
2 181854 176209 
2 181856 176206 
2 181857 176177 
2 181858 176122 
2 181859 176125 
2 181860 176210 
2 181861 176126 
2 181863 176185 
2 181865 176187 
2 181866 176179 
2 181869 176211 
2 181872 176212 
2 181873 176213 
2 181876 176207 
2 181877 176182 
2 181878 176193 
2 181879 176194 
2 181884 176195 
2 181885 176200 
2 181886 176184 
2 181887 176180 
2 181890 176191 
2 181892 176196 
2 181901 176231 
2 181902 176240 
2 181904 176254 
2 181905 176241 
2 181906 176223 
2 181909 176217 
2 181911 176221 
5 181912 176265 176266 176267 176268 
2 181916 176233 
2 181917 176234 
2 181919 176095 
2 181920 176093 
2 181921 176096 
2 181923 176255 
2 181924 176256 
2 181925 176257 
2 181926 176258 
2 181927 176259 
2 181929 176094 
2 181933 176230 
2 181938 176262 
2 181939 176252 
2 181940 176253 
2 181942 176220 
2 181944 176226 
2 181946 176248 
2 181947 176088 
2 181948 176089 
2 181949 176090 
2 181950 176091 
2 181951 176092 
2 181957 176261 
2 181963 176236 
2 181964 176242 
2 181965 176235 
2 181968 176227 
2 181971 176232 
2 181975 176260 
2 181977 176237 
2 181980 176263 
2 181981 176264 
2 181982 176225 
2 181983 176238 
2 181985 176243 
2 181986 176244 
2 181989 176246 
2 181992 176222 
2 181993 176247 
2 181994 176249 
2 181995 176218 
2 181996 176250 
2 181999 176245 
2 182000 176251 
2 182004 176224 
2 182007 176228 
2 182008 176229 
2 182016 176219 
2 182017 176239 
2 182026 176347 
2 182029 176411 
2 182034 176331 
2 182035 176294 
2 182037 176299 
2 182048 176303 
2 182049 176300 
2 182054 176301 
2 182055 176302 
2 182056 176283 
2 182059 176284 
2 182062 176274 
2 182063 176320 
2 182064 176272 
2 182065 176276 
2 182066 176277 
2 182072 176282 
2 182074 176281 
2 182076 176271 
2 182078 176278 
2 182079 176279 
2 182085 176307 
2 182087 176308 
2 182088 176309 
2 182089 176269 
2 182091 176310 
2 182093 176314 
2 182095 176315 
2 182097 176316 
2 182098 176317 
2 182101 176304 
2 182104 176270 
2 182109 176311 
2 182111 176313 
2 182112 176318 
2 182113 176319 
2 182115 176321 
2 182116 176324 
2 182117 176322 
2 182129 176305 
2 182130 176306 
2 182131 176273 
2 182135 176323 
2 182136 176312 
2 182138 176280 
2 182143 176275 
2 182146 176373 
2 182147 176355 
2 182149 176356 
2 182150 176357 
2 182151 176340 
2 182154 176361 
2 182158 176341 
2 182161 176346 
2 182162 176325 
2 182163 176326 
2 182166 176332 
2 182167 176327 
2 182168 176362 
2 182169 176365 
2 182171 176336 
2 182175 176338 
2 182176 176339 
2 182177 176368 
2 182179 176328 
2 182180 176343 
2 182182 176344 
2 182183 176363 
2 182185 176369 
2 182186 176370 
2 182189 176372 
2 182190 176330 
2 182191 176364 
2 182193 176360 
2 182194 176371 
2 182197 176358 
2 182200 176359 
2 182201 176342 
2 182205 176333 
2 182206 176334 
2 182212 176366 
2 182213 176367 
2 182216 176329 
2 182219 176337 
2 182220 176335 
2 182222 176415 
2 182223 176384 
2 182227 176382 
2 182229 176383 
2 182234 176410 
2 182238 176351 
2 182239 176352 
2 182240 176353 
2 182242 176354 
2 182243 176398 
2 182245 176416 
2 182247 176409 
2 182248 176412 
2 182249 176407 
2 182250 176408 
2 182253 176405 
2 182254 176350 
2 182255 176349 
2 182256 176345 
2 182259 176348 
2 182260 176391 
2 182263 176397 
2 182264 176374 
2 182265 176418 
2 182266 176392 
2 182269 176376 
2 182270 176377 
2 182272 176379 
2 182276 176394 
2 182277 176395 
2 182278 176396 
2 182279 176402 
2 182280 176393 
2 182283 176375 
2 182284 176413 
2 182296 176387 
2 182300 176399 
2 182302 176419 
2 182305 176385 
2 182306 176386 
2 182308 176401 
2 182309 176403 
2 182311 176388 
2 182313 176404 
2 182318 176380 
2 182319 176381 
2 182321 176389 
2 182322 176414 
2 182326 176400 
2 182329 176406 
2 182330 176417 
2 182331 176390 
2 182332 176378 
2 182340 176421 
2 182341 176422 
2 182342 176423 
2 182343 176424 
2 182344 176292 
2 182345 176293 
2 182347 176466 
2 182351 176441 
2 182352 176442 
2 182354 176431 
2 182358 176459 
2 182363 176427 
2 182364 176291 
2 182366 176434 
2 182367 176449 
2 182369 176428 
2 182373 176430 
2 182376 176425 
2 182379 176426 
2 182384 176429 
2 182386 176432 
2 182387 176285 
2 182388 176286 
2 182389 176287 
2 182390 176288 
2 182391 176458 
2 182392 176289 
2 182393 176290 
2 182396 176450 
2 182398 176433 
2 182399 176465 
2 182401 176443 
2 182402 176455 
2 182403 176460 
2 182404 176437 
2 182406 176436 
2 182408 176457 
2 182409 176438 
2 182410 176467 
2 182412 176452 
2 182414 176462 
2 182417 176440 
2 182418 176446 
2 182419 176463 
2 182420 176420 
2 182425 176447 
2 182428 176454 
2 182429 176461 
2 182430 176435 
2 182432 176464 
2 182434 176453 
2 182435 176456 
2 182436 176439 
2 182485 176511 
2 182486 176597 
2 182488 176544 
2 182491 176545 
2 182493 176509 
2 182494 176510 
2 182495 176557 
2 182497 176575 
2 182501 176503 
2 182502 176504 
2 182509 176472 
2 182512 176473 
2 182514 176478 
2 182516 176479 
2 182521 176512 
2 182522 176513 
2 182524 176475 
2 182525 176476 
2 182526 176477 
2 182527 176480 
2 182528 176481 
2 182529 176484 
2 182536 176493 
2 182540 176482 
2 182541 176483 
2 182542 176485 
2 182546 176486 
2 182547 176487 
2 182550 176497 
2 182552 176498 
2 182553 176499 
2 182554 176500 
2 182560 176492 
2 182563 176494 
2 182564 176501 
2 182567 176502 
2 182568 176505 
2 182572 176506 
2 182576 176495 
2 182577 176496 
2 182579 176474 
2 182584 176507 
2 182587 176508 
2 182591 176524 
2 182592 176525 
2 182594 176526 
2 182597 176537 
2 182604 176535 
2 182609 176522 
2 182610 176523 
2 182617 176553 
2 182618 176554 
2 182620 176527 
2 182621 176521 
2 182622 176532 
2 182624 176536 
2 182625 176539 
2 182627 176530 
2 182631 176548 
2 182632 176517 
2 182633 176528 
2 182634 176529 
2 182636 176534 
2 182638 176538 
2 182643 176533 
2 182644 176541 
2 182645 176543 
2 182648 176518 
2 182650 176519 
2 182651 176520 
2 182652 176549 
2 182653 176540 
2 182655 176552 
2 182657 176547 
2 182658 176515 
2 182660 176531 
2 182667 176546 
2 182669 176516 
3 182672 176550 176551 
2 182675 176542 
2 182676 176514 
2 182678 176595 
2 182680 176589 
2 182681 176590 
2 182685 176569 
2 182687 176576 
2 182689 176560 
2 182692 176570 
2 182695 176561 
2 182701 176601 
2 182702 176558 
2 182705 176578 
2 182706 176579 
2 182707 176580 
2 182708 176591 
2 182713 176563 
2 182714 176581 
2 182719 176562 
2 182721 176555 
2 182722 176556 
2 182725 176571 
2 182727 176602 
2 182728 176603 
2 182729 176559 
2 182737 176567 
2 182738 176568 
2 182739 176572 
2 182740 176573 
2 182742 176577 
2 182743 176582 
2 182746 176586 
2 182748 176592 
2 182749 176596 
2 182750 176564 
2 182751 176565 
2 182752 176587 
2 182754 176574 
2 182760 176593 
2 182761 176566 
2 182762 176583 
2 182763 176584 
2 182764 176585 
2 182765 176588 
2 182766 176594 
2 182767 176598 
2 182768 176599 
2 182769 176600 
2 182775 176618 
2 182776 176624 
2 182777 176640 
2 182778 176641 
2 182779 176653 
2 182780 176660 
2 182782 176639 
2 182786 176648 
2 182788 176663 
2 182789 176604 
2 182790 176605 
2 182797 176659 
2 182801 176623 
2 182803 176625 
2 182804 176643 
2 182809 176609 
2 182810 176638 
2 182811 176654 
2 182813 176655 
2 182814 176658 
2 182815 176619 
2 182817 176661 
2 182819 176620 
2 182823 176642 
2 182824 176626 
2 182825 176627 
2 182827 176662 
2 182829 176616 
2 182830 176617 
2 182833 176621 
2 182837 176628 
2 182838 176629 
2 182839 176630 
2 182840 176622 
2 182841 176649 
2 182843 176652 
2 182844 176644 
2 182845 176650 
2 182848 176613 
2 182849 176614 
2 182852 176651 
2 182855 176611 
2 182856 176612 
2 182863 176631 
2 182864 176632 
2 182865 176633 
2 182866 176634 
2 182869 176635 
2 182873 176647 
2 182875 176657 
2 182877 176636 
2 182881 176656 
2 182884 176637 
2 182886 176645 
2 182887 176646 
2 182888 176615 
2 182902 176723 
2 182916 176710 
2 182922 176688 
2 182925 176722 
2 182928 176686 
2 182929 176696 
2 182931 176666 
2 182932 176724 
2 182933 176668 
5 182934 174894 174895 174896 174897 
2 182935 176675 
2 182937 176698 
2 182938 176697 
2 182942 176706 
2 182943 176707 
2 182947 176667 
2 182948 176680 
2 182952 176685 
2 182953 176664 
2 182954 176673 
2 182957 176705 
2 182959 176665 
2 182960 176676 
2 182962 176699 
2 182963 176682 
2 182964 176683 
2 182965 176684 
2 182968 176674 
2 182972 176700 
2 182973 176718 
2 182976 176725 
2 182978 176703 
2 182979 176704 
2 182981 176701 
2 182982 176702 
2 182985 176681 
2 182990 176689 
2 182991 176677 
2 182993 176692 
2 182995 176687 
2 182997 176720 
2 183001 176719 
2 183005 176715 
2 183006 176669 
2 183007 176678 
2 183008 176679 
2 183009 176690 
2 183010 176691 
2 183012 176709 
2 183013 176672 
2 183015 176695 
2 183018 176708 
2 183020 176716 
2 183021 176717 
2 183023 176721 
2 183024 176693 
2 183026 176694 
5 183028 176711 176712 176713 176714 
2 183031 176670 
2 183032 176671 
2 183034 176753 
2 183036 176760 
2 183037 176750 
2 183038 176751 
2 183039 176754 
2 183041 176736 
2 183042 176730 
2 183044 176727 
2 183048 176740 
2 183051 176728 
2 183052 176729 
2 183054 176762 
2 183056 176739 
2 183057 176743 
2 183059 176763 
2 183060 176757 
2 183061 176758 
2 183065 176745 
2 183068 176764 
2 183073 176761 
2 183075 176731 
2 183078 176765 
2 183079 176735 
2 183082 176746 
2 183083 176747 
2 183084 176749 
2 183087 176741 
2 183088 176759 
2 183089 176755 
2 183090 176732 
2 183092 176744 
2 183094 176733 
2 183096 176734 
2 183100 176748 
2 183105 176726 
2 183108 176737 
2 183109 176738 
2 183110 176742 
2 183111 176752 
2 183112 176756 
2 183113 176816 
2 183116 176785 
2 183123 176778 
2 183126 176823 
2 183128 176783 
2 183132 176820 
2 183133 176787 
2 183134 176789 
2 183136 176767 
2 183138 176805 
2 183139 176821 
2 183143 176779 
2 183144 176780 
2 183146 176807 
2 183148 176822 
2 183150 176782 
2 183151 176791 
2 183152 176804 
2 183153 176812 
2 183154 176788 
2 183155 176769 
2 183156 176792 
2 183158 176813 
2 183159 176786 
2 183162 176784 
2 183164 176810 
2 183166 176811 
2 183167 176781 
2 183169 176770 
2 183171 176771 
2 183173 176799 
2 183174 176802 
2 183177 176768 
2 183179 176803 
2 183181 176819 
2 183183 176790 
2 183189 176795 
2 183190 176808 
2 183191 176772 
2 183192 176796 
2 183193 176814 
2 183194 176815 
2 183196 176773 
2 183198 176809 
2 183199 176794 
2 183200 176774 
2 183201 176818 
2 183203 176775 
2 183204 176776 
2 183205 176797 
2 183208 176766 
2 183212 176777 
2 183213 176801 
2 183217 176793 
2 183218 176798 
2 183219 176806 
2 183220 176800 
2 183221 176817 
2 183228 176830 
2 183229 176834 
2 183230 176835 
2 183234 176861 
2 183235 176845 
2 183236 176858 
2 183237 176836 
2 183243 176870 
2 183244 176871 
2 183245 176872 
2 183246 176831 
2 183248 176849 
2 183249 176839 
2 183253 176852 
2 183254 176838 
2 183256 176857 
2 183257 176840 
2 183258 176837 
2 183261 176854 
2 183262 176853 
2 183263 176860 
2 183264 176876 
2 183265 176877 
2 183268 176846 
2 183270 176873 
2 183271 176874 
2 183273 176869 
2 183274 176875 
2 183275 176824 
2 183277 176825 
2 183279 176859 
2 183281 176878 
2 183286 176851 
2 183287 176850 
2 183290 176841 
2 183293 176847 
2 183294 176842 
2 183295 176843 
2 183301 176864 
2 183302 176862 
2 183303 176832 
2 183305 176848 
2 183306 176863 
2 183307 176867 
2 183309 176865 
2 183312 176866 
5 183313 176826 176827 176828 176829 
2 183315 176868 
2 183316 176856 
2 183318 176844 
2 183319 176833 
2 183320 176855 
2 183335 176880 
2 183336 176892 
2 183341 176913 
2 183343 176941 
2 183345 176893 
2 183346 176894 
2 183347 176895 
2 183348 176881 
2 183349 176882 
2 183352 176897 
2 183354 176898 
2 183356 176887 
2 183357 176896 
2 183359 176899 
2 183360 176900 
2 183363 176885 
5 183365 176901 176902 176903 176904 
2 183367 176905 
2 183369 176889 
2 183370 176888 
2 183374 176879 
2 183375 176886 
2 183376 176883 
2 183377 176884 
2 183381 176890 
2 183382 176891 
2 183385 176937 
2 183386 176938 
2 183387 176906 
2 183390 176917 
2 183391 176922 
2 183392 176923 
2 183393 176924 
2 183396 176933 
2 183397 176934 
2 183398 176936 
2 183405 176910 
2 183409 176908 
2 183410 176914 
2 183411 176916 
2 183413 176921 
2 183414 176929 
2 183416 176909 
2 183418 176927 
2 183419 176928 
2 183423 176939 
2 183424 176940 
2 183427 176930 
2 183428 176931 
2 183432 176926 
2 183434 176935 
2 183438 176919 
2 183439 176920 
2 183441 176912 
2 183443 176918 
2 183445 176915 
2 183447 176932 
2 183448 176925 
2 183453 176907 
2 183454 176911 
2 183462 176974 
2 183465 176991 
2 183466 176967 
2 183467 176986 
2 183468 176988 
2 183472 176953 
2 183475 176981 
2 183478 176960 
2 183482 176942 
2 183487 176950 
2 183488 176949 
2 183490 176987 
2 183491 176989 
2 183492 176990 
2 183493 176952 
2 183495 176957 
2 183497 176951 
2 183501 176968 
2 183502 176969 
2 183503 176972 
2 183504 176973 
2 183508 176943 
2 183509 176962 
2 183515 176944 
2 183516 176954 
2 183518 176963 
2 183521 176970 
2 183526 176976 
2 183527 176977 
2 183528 176982 
2 183531 176971 
2 183535 176983 
2 183537 176979 
2 183538 176959 
2 183540 176961 
2 183541 176945 
2 183546 176955 
2 183547 176980 
2 183549 176958 
2 183551 176964 
2 183555 176965 
2 183556 176966 
2 183561 176975 
2 183568 176946 
2 183569 176947 
2 183572 176956 
2 183579 176978 
2 183581 176948 
2 183583 176984 
2 183584 176985 
2 183588 177017 
2 183591 177018 
2 183592 177019 
2 183593 177020 
2 183596 176996 
2 183597 177003 
2 183598 177021 
2 183601 177022 
2 183602 177023 
2 183603 177024 
2 183604 177015 
2 183606 177013 
2 183607 177016 
2 183615 177008 
2 183618 176999 
2 183619 177000 
2 183620 177009 
2 183621 177001 
2 183622 177002 
2 183624 177010 
2 183627 177014 
2 183629 177005 
2 183630 177006 
2 183631 177007 
2 183634 176993 
2 183635 176995 
2 183638 176997 
2 183639 177004 
2 183643 176994 
2 183644 176998 
2 183646 176992 
2 183648 177011 
2 183649 177012 
2 183651 177025 
2 183653 177037 
2 183654 177038 
2 183656 177039 
2 183657 177040 
2 183659 177041 
2 183660 177042 
2 183661 177065 
2 183663 177030 
2 183665 177031 
2 183669 177034 
5 183671 177026 177027 177028 177035 
2 183673 177066 
2 183677 177032 
2 183679 177064 
2 183683 177058 
2 183687 177062 
2 183688 177059 
2 183689 177061 
2 183691 177029 
2 183694 177043 
2 183697 177067 
2 183699 177036 
2 183700 177033 
2 183702 177063 
2 183704 177051 
2 183706 177047 
2 183707 177080 
2 183708 177049 
2 183711 177052 
2 183714 177044 
2 183715 177045 
2 183716 177048 
2 183718 177060 
2 183723 177053 
2 183725 177068 
2 183727 177069 
2 183728 177070 
2 183730 177071 
2 183731 177072 
2 183732 177073 
2 183733 177054 
2 183747 177074 
2 183748 177075 
2 183752 177055 
2 183753 177056 
2 183755 177050 
2 183756 177079 
2 183760 177057 
2 183761 177076 
2 183762 177077 
2 183763 177078 
2 183764 177046 
5 183766 177081 177082 177083 177084 
2 183775 177210 
2 183784 177167 
2 183799 177123 
2 183801 177104 
2 183802 177105 
2 183803 177145 
2 183806 177118 
2 183809 177122 
2 183814 177106 
2 183816 177137 
2 183817 177138 
2 183818 177139 
2 183819 177108 
2 183822 177107 
2 183823 177117 
2 183824 177103 
2 183825 177102 
2 183830 177116 
2 183831 177135 
2 183832 177136 
2 183834 177134 
2 183835 177115 
2 183836 177101 
2 183838 177140 
2 183839 177091 
2 183840 177092 
2 183846 177086 
2 183847 177096 
2 183848 177119 
2 183849 177097 
2 183850 177111 
2 183854 177120 
2 183855 177132 
2 183857 177141 
2 183858 177142 
2 183859 177085 
2 183860 177109 
2 183861 177087 
2 183862 177110 
2 183863 177088 
2 183864 177089 
2 183867 177090 
2 183872 177100 
2 183873 177113 
2 183874 177114 
2 183875 177121 
2 183876 177129 
2 183877 177130 
2 183878 177093 
2 183879 177094 
2 183881 177133 
2 183882 177131 
2 183884 177098 
2 183886 177144 
2 183887 177095 
2 183889 177124 
2 183891 177143 
2 183893 177099 
2 183894 177112 
2 183898 177191 
2 183899 177180 
2 183901 177181 
2 183904 177170 
2 183906 177171 
2 183907 177172 
2 183909 177148 
2 183914 177182 
2 183917 177173 
2 183923 177154 
2 183924 177193 
2 183926 177175 
2 183928 177157 
2 183930 177189 
2 183932 177147 
2 183933 177146 
2 183934 177153 
2 183935 177169 
2 183940 177149 
2 183941 177194 
2 183942 177155 
3 183943 177178 183952 
2 183944 177158 
2 183946 177159 
2 183947 177160 
2 183949 177162 
2 183955 177192 
2 183959 177164 
2 183962 177183 
2 183963 177184 
2 183964 177151 
2 183967 177150 
2 183968 177168 
2 183969 177188 
2 183970 177190 
2 183978 177163 
2 183982 177165 
2 183986 177161 
2 183987 177185 
2 183991 177176 
2 183992 177156 
2 183993 177187 
2 183995 177174 
2 183996 177186 
2 183997 177177 
2 183998 177179 
2 183999 177166 
2 184002 177152 
2 184003 177195 
2 184004 177196 
2 184006 177197 
2 184007 177198 
2 184008 177217 
2 184009 177235 
2 184010 177224 
2 184011 177225 
2 184013 177226 
2 184014 177227 
2 184015 177228 
2 184018 177232 
2 184020 177204 
2 184025 177208 
2 184026 177199 
2 184029 177207 
2 184031 177209 
2 184033 177215 
2 184036 177216 
2 184037 177223 
2 184038 177233 
2 184039 177234 
2 184042 177229 
2 184047 177202 
2 184050 177203 
2 184053 177219 
2 184056 177205 
2 184057 177206 
2 184058 177212 
2 184059 177213 
2 184060 177214 
2 184062 177218 
2 184069 177211 
2 184072 177201 
2 184075 177230 
2 184076 177220 
2 184077 177221 
2 184084 177222 
2 184091 177200 
2 184092 177231 
2 184097 177239 
2 184101 177251 
2 184103 177259 
2 184104 177262 
2 184106 177274 
2 184107 177275 
2 184108 177246 
2 184110 177264 
2 184111 177267 
2 184114 177257 
2 184117 177236 
2 184118 177237 
2 184119 177265 
2 184120 177266 
2 184121 177247 
2 184122 177248 
2 184123 177249 
2 184125 177270 
2 184127 177272 
2 184128 177273 
2 184129 177238 
2 184130 177244 
2 184133 177258 
2 184136 177260 
2 184138 177269 
2 184143 177255 
2 184148 177252 
2 184152 177254 
2 184154 177256 
2 184155 177250 
2 184157 177268 
2 184159 177253 
2 184161 177261 
2 184162 177263 
2 184164 177271 
2 184165 177245 
2 184203 177295 
2 184205 177296 
2 184213 177280 
2 184215 177281 
2 184218 177299 
2 184219 177300 
2 184220 177278 
2 184224 177297 
2 184225 177298 
2 184227 177276 
2 184229 177277 
2 184230 177284 
2 184232 177285 
2 184233 177286 
2 184234 177287 
2 184235 177288 
2 184240 177279 
2 184244 177293 
2 184248 177282 
2 184249 177290 
2 184250 177294 
2 184251 177289 
2 184254 177291 
2 184256 177292 
2 184259 177283 
2 184261 177339 
2 184262 177319 
2 184263 177329 
2 184266 177336 
5 184268 174898 174899 174900 174901 
2 184271 177345 
2 184272 177311 
2 184273 177308 
2 184274 177327 
2 184276 177312 
2 184279 177322 
2 184280 177301 
2 184281 177314 
2 184284 177330 
2 184286 177321 
2 184289 177310 
2 184292 177333 
2 184293 177334 
2 184294 177335 
2 184295 177315 
2 184297 177342 
2 184304 177313 
2 184305 177317 
2 184306 177320 
2 184312 177316 
2 184314 177331 
2 184316 177332 
2 184317 177309 
2 184318 177340 
2 184319 177341 
2 184320 177304 
2 184321 177305 
2 184322 177306 
2 184323 177307 
2 184324 177328 
2 184326 177338 
2 184327 177318 
2 184329 177337 
2 184332 177343 
2 184333 177344 
2 184334 177302 
2 184338 177303 
5 184339 177323 177324 177325 177326 
2 184344 177403 
2 184346 177392 
2 184352 177381 
2 184353 177367 
2 184354 177404 
2 184355 177405 
2 184356 177354 
2 184357 177349 
2 184360 177406 
2 184361 177393 
2 184362 177394 
2 184363 177407 
2 184365 177346 
2 184367 177350 
2 184371 177376 
2 184372 177355 
2 184373 177362 
2 184374 177377 
2 184378 177383 
2 184381 177391 
2 184384 177348 
2 184388 177356 
2 184389 177361 
2 184393 177370 
2 184394 177371 
2 184397 177347 
2 184398 177401 
2 184400 177368 
2 184401 177369 
2 184402 177378 
2 184403 177379 
2 184404 177380 
2 184406 177382 
2 184407 177402 
2 184409 177373 
2 184411 177384 
2 184414 177386 
2 184415 177398 
2 184417 177352 
5 184418 177357 177358 177359 177360 
2 184422 177372 
2 184428 177385 
2 184429 177395 
2 184431 177351 
2 184433 177396 
2 184437 177364 
2 184438 177375 
2 184439 177387 
2 184441 177388 
2 184443 177389 
2 184444 177390 
2 184445 177399 
2 184447 177400 
2 184449 177374 
2 184457 177397 
2 184461 177353 
2 184462 177363 
2 184463 177365 
2 184464 177366 
2 184472 177426 
2 184477 177410 
2 184478 177462 
2 184479 177409 
2 184481 177417 
2 184482 177418 
2 184483 177419 
2 184484 177443 
2 184485 177444 
2 184486 177445 
2 184487 177451 
2 184488 177463 
2 184490 177411 
2 184493 177420 
2 184497 177421 
2 184500 177456 
2 184502 177423 
2 184503 177455 
2 184504 177452 
2 184505 177432 
2 184506 177461 
2 184507 177433 
2 184508 177460 
2 184512 177459 
2 184514 177422 
2 184516 177412 
2 184518 177454 
2 184521 177434 
2 184522 177437 
2 184523 177453 
2 184527 177438 
2 184528 177413 
2 184530 177416 
2 184533 177446 
2 184535 177457 
2 184539 177435 
2 184541 177447 
2 184542 177458 
2 184543 177464 
2 184548 177408 
2 184550 177424 
2 184551 177425 
2 184552 177414 
2 184554 177415 
2 184555 177439 
2 184557 177440 
2 184558 177441 
2 184559 177442 
2 184560 177429 
2 184561 177428 
2 184563 177436 
2 184565 177430 
2 184568 177450 
2 184571 177427 
2 184572 177448 
2 184573 177431 
2 184576 177449 
2 184578 177496 
2 184589 177513 
2 184594 177495 
2 184607 177514 
2 184613 177472 
2 184614 177505 
2 184615 177518 
2 184616 177519 
2 184619 177521 
2 184621 177522 
2 184622 177523 
2 184623 177524 
2 184625 177511 
2 184628 177515 
2 184630 177516 
2 184632 177527 
2 184635 177507 
2 184637 177489 
2 184644 177488 
2 184647 177520 
2 184648 177471 
2 184649 177506 
2 184655 177466 
2 184656 177483 
2 184657 177498 
2 184658 177465 
2 184661 177487 
2 184662 177482 
2 184664 177528 
2 184667 177499 
2 184671 177517 
2 184674 177492 
2 184677 177508 
2 184678 177509 
2 184680 177484 
2 184684 177473 
2 184687 177474 
2 184688 177475 
2 184690 177500 
2 184691 177501 
2 184692 177502 
2 184694 177493 
2 184696 177494 
2 184697 177497 
2 184698 177476 
2 184701 177512 
2 184702 177477 
2 184707 177504 
2 184708 177525 
2 184710 177510 
2 184711 177478 
2 184714 177485 
2 184715 177468 
2 184716 177470 
2 184721 177526 
2 184722 177503 
2 184723 177480 
2 184724 177481 
2 184726 177469 
2 184728 177490 
2 184729 177491 
2 184733 177467 
2 184741 177479 
2 184742 177486 
2 184744 177557 
2 184745 177556 
2 184746 177545 
2 184748 177558 
2 184749 177549 
2 184750 177551 
2 184752 177552 
2 184753 177553 
2 184754 177554 
2 184755 177555 
2 184758 177547 
2 184760 177561 
2 184761 177562 
2 184764 177540 
2 184765 177541 
2 184767 177538 
2 184769 177532 
2 184772 177543 
2 184775 177563 
2 184776 177529 
2 184777 177531 
2 184779 177550 
2 184780 177542 
2 184782 177537 
2 184784 177530 
2 184787 177533 
2 184789 177559 
2 184790 177534 
2 184791 177535 
2 184792 177536 
2 184795 177539 
2 184796 177548 
2 184798 177560 
2 184801 177544 
2 184803 177546 
2 184807 177586 
2 184808 177582 
2 184809 177583 
2 184810 177577 
2 184812 177611 
2 184818 177565 
2 184820 177593 
2 184821 177609 
2 184823 177592 
2 184827 177606 
2 184829 177578 
2 184831 177602 
2 184832 177564 
2 184833 177568 
2 184834 177569 
2 184835 177570 
2 184836 177574 
2 184838 177575 
2 184839 177576 
2 184842 177603 
2 184847 177598 
2 184848 177599 
2 184849 177604 
2 184851 177579 
2 184852 177580 
2 184855 177566 
2 184856 177571 
2 184857 177572 
2 184858 177573 
2 184859 177581 
2 184861 177612 
2 184865 177594 
2 184867 177595 
2 184868 177610 
2 184869 177605 
2 184874 177596 
2 184875 177597 
2 184876 177601 
2 184877 177607 
2 184878 177589 
2 184880 177590 
2 184881 177591 
2 184888 177608 
2 184895 177567 
2 184896 177600 
2 184897 177585 
2 184898 177587 
2 184899 177588 
2 184900 177584 
2 184908 177651 
2 184909 177640 
2 184916 177667 
2 184918 177650 
2 184920 177662 
2 184921 177657 
2 184922 177646 
2 184923 177652 
2 184924 177641 
2 184925 177669 
2 184928 177653 
2 184929 177613 
2 184933 177661 
2 184935 177649 
2 184936 177656 
2 184938 177654 
2 184939 177655 
2 184943 177642 
2 184944 177643 
2 184946 177659 
2 184948 177639 
2 184952 177666 
2 184953 177645 
2 184955 177625 
2 184956 177633 
2 184957 177626 
2 184958 177634 
2 184960 177627 
2 184961 177647 
2 184962 177648 
2 184964 177622 
2 184965 177624 
2 184966 177665 
2 184968 177628 
2 184971 177621 
2 184972 177623 
2 184973 177630 
2 184975 177615 
2 184980 177660 
2 184985 177664 
2 184988 177663 
2 184996 177631 
2 184997 177632 
2 184998 177616 
2 184999 177617 
2 185000 177629 
2 185001 177637 
2 185009 177638 
2 185011 177614 
2 185013 177635 
2 185016 177670 
2 185017 177668 
2 185020 177644 
2 185022 177658 
2 185024 177618 
2 185025 177619 
2 185026 177620 
2 185031 177636 
2 185035 177714 
2 185042 177831 
2 185047 177702 
2 185050 177677 
2 185052 177833 
2 185053 177725 
2 185060 177706 
2 185061 177713 
2 185066 177687 
2 185067 177707 
2 185071 177719 
2 185072 177698 
2 185074 177699 
2 185077 177679 
2 185078 177680 
2 185079 177703 
2 185080 177704 
2 185081 177705 
2 185082 177722 
2 185083 177715 
2 185084 177716 
2 185085 177673 
2 185086 177689 
2 185087 177690 
2 185088 177691 
2 185089 177723 
2 185092 177692 
2 185094 177685 
2 185096 177700 
2 185097 177681 
2 185098 177683 
2 185099 177720 
2 185105 177701 
2 185106 177682 
2 185107 177688 
2 185108 177717 
2 185109 177674 
2 185110 177675 
2 185114 177676 
2 185117 177693 
2 185118 177694 
2 185122 177721 
2 185123 177684 
2 185124 177695 
2 185125 177686 
2 185126 177696 
2 185127 177697 
2 185128 177671 
2 185129 177718 
2 185130 177711 
2 185131 177724 
2 185134 177672 
2 185135 177678 
2 185141 177712 
2 185142 177708 
2 185143 177709 
2 185144 177710 
2 185148 177765 
2 185152 177757 
2 185154 177753 
2 185156 177755 
2 185157 177756 
2 185158 177743 
2 185159 177744 
2 185160 177737 
2 185161 177728 
2 185162 177732 
2 185163 177733 
2 185164 177767 
2 185165 177768 
2 185166 177736 
2 185167 177739 
2 185168 177758 
2 185169 177769 
2 185171 177734 
2 185177 177759 
2 185180 177770 
2 185183 177766 
2 185186 177754 
2 185187 177751 
2 185189 177752 
2 185191 177729 
2 185192 177740 
2 185193 177747 
2 185194 177763 
2 185197 177741 
2 185198 177730 
2 185199 177731 
2 185200 177746 
2 185203 177761 
2 185204 177735 
2 185206 177760 
2 185208 177771 
2 185209 177738 
2 185212 177742 
2 185213 177764 
2 185215 177762 
2 185217 177726 
2 185220 177727 
2 185223 177745 
2 185230 177748 
2 185231 177749 
2 185233 177750 
2 185236 177795 
2 185238 177796 
2 185240 177797 
2 185243 177778 
2 185247 177775 
2 185248 177776 
2 185249 177781 
2 185250 177785 
2 185251 177772 
2 185252 177787 
2 185255 177808 
2 185257 177782 
2 185259 177773 
2 185267 177804 
2 185268 177805 
2 185270 177777 
2 185272 177788 
2 185273 177809 
2 185275 177798 
2 185278 177799 
2 185281 177786 
2 185283 177802 
2 185286 177774 
2 185288 177779 
2 185290 177801 
2 185291 177792 
2 185292 177793 
2 185294 177803 
2 185297 177794 
2 185299 177783 
2 185300 177784 
2 185302 177806 
2 185305 177780 
2 185310 177789 
2 185311 177800 
2 185312 177790 
2 185314 177791 
2 185315 177807 
2 185319 177810 
2 185320 177811 
2 185322 177815 
2 185324 177818 
2 185325 177817 
2 185330 177812 
2 185331 177813 
2 185332 177820 
2 185334 177842 
2 185335 177846 
2 185338 177845 
2 185339 177849 
2 185340 177823 
2 185341 177824 
2 185342 177825 
2 185343 177821 
2 185345 177843 
2 185347 177828 
2 185348 177829 
2 185349 177834 
2 185351 177835 
2 185352 177836 
2 185353 177837 
2 185363 177838 
2 185369 177826 
2 185370 177827 
2 185371 177839 
2 185373 177822 
2 185376 177832 
2 185377 177844 
2 185379 177814 
2 185383 177816 
2 185388 177840 
2 185391 177830 
2 185393 177841 
2 185394 177819 
2 185400 177847 
2 185405 177848 
2 185423 177867 
2 185425 177882 
2 185428 177883 
2 185431 177852 
2 185432 177855 
2 185433 177856 
2 185438 177850 
2 185441 177865 
2 185445 177876 
2 185446 177877 
2 185447 177873 
2 185451 177857 
2 185454 177878 
2 185455 177874 
2 185457 177894 
2 185458 177868 
2 185460 177869 
2 185461 177870 
2 185462 177887 
2 185463 177888 
2 185464 177889 
2 185466 177864 
2 185467 177890 
2 185472 177858 
2 185473 177851 
2 185474 177879 
2 185475 177860 
2 185478 177895 
2 185480 177853 
2 185481 177871 
2 185482 177872 
2 185484 177891 
2 185485 177892 
2 185487 177884 
2 185488 177863 
2 185490 177859 
2 185493 177866 
2 185496 177861 
2 185497 177854 
2 185500 177893 
2 185502 177875 
2 185504 177885 
2 185505 177880 
2 185506 177862 
2 185507 177881 
2 185508 177886 
2 185515 177954 
2 185519 177948 
2 185521 177916 
2 185522 177917 
2 185524 177947 
2 185526 177898 
2 185527 177919 
2 185529 177925 
2 185530 177931 
2 185534 177946 
5 185537 177914 177915 177928 177951 
2 185538 177918 
2 185546 177933 
2 185548 177932 
2 185549 177929 
2 185551 177930 
2 185554 177934 
2 185555 177896 
2 185556 177926 
2 185557 177897 
2 185558 177935 
2 185559 177936 
2 185560 177953 
2 185564 177901 
2 185566 177902 
2 185567 177903 
2 185568 177900 
2 185577 177920 
2 185579 177949 
2 185580 177952 
2 185584 177950 
2 185585 177942 
2 185586 177906 
2 185589 177921 
2 185592 177937 
2 185594 177938 
2 185595 177907 
2 185596 177910 
2 185599 177899 
2 185600 177908 
2 185602 177944 
2 185605 177912 
2 185608 177913 
2 185611 177922 
2 185615 177924 
2 185616 177909 
2 185619 177911 
2 185624 177945 
2 185625 177939 
2 185626 177923 
2 185627 177943 
2 185628 177941 
2 185629 177904 
2 185631 177927 
2 185632 177940 
2 185633 177905 
2 185636 177971 
2 185637 177957 
2 185639 177958 
2 185642 177963 
2 185643 177964 
2 185645 177965 
2 185646 177990 
2 185650 177986 
2 185652 177985 
2 185654 177966 
2 185657 177983 
2 185658 177955 
5 185660 177961 177973 177974 177982 
2 185663 177989 
2 185670 177972 
2 185671 177960 
2 185672 177967 
2 185673 177968 
2 185675 177956 
2 185678 177991 
2 185679 177987 
2 185684 177959 
2 185690 177970 
2 185691 177962 
2 185692 177969 
2 185693 177975 
2 185694 177976 
2 185695 177977 
2 185696 177978 
2 185697 177979 
2 185698 177980 
2 185699 177981 
2 185706 177984 
2 185707 177988 
2 185709 177992 
5 185710 177993 177994 177995 177996 
2 185711 178007 
2 185716 178008 
2 185722 178000 
2 185726 178027 
2 185727 178031 
2 185729 178025 
2 185732 178026 
2 185735 178028 
2 185737 178035 
2 185738 178036 
2 185742 178023 
2 185744 178033 
2 185745 178034 
2 185746 178030 
2 185748 178001 
2 185749 178009 
2 185752 178021 
2 185755 177997 
2 185756 178022 
2 185760 178003 
2 185761 178010 
2 185762 178005 
2 185765 178006 
2 185768 178002 
2 185769 178011 
2 185770 178012 
2 185771 178013 
2 185773 178014 
2 185775 178015 
2 185776 178016 
2 185777 178017 
2 185779 178018 
2 185780 178019 
2 185781 178020 
2 185783 178024 
2 185790 178032 
2 185791 178029 
2 185794 177998 
2 185795 177999 
2 185799 178004 
