282
5 188644 66 128 130 140 
2 188651 151 
5 188654 59 172 175 179 
2 188658 131 
2 188659 134 
5 188666 8 186 187 188 
2 188671 86 
5 188672 87 142 143 144 
2 188673 153 
5 188676 77 176 177 178 
5 188684 0 1 2 3 
5 188685 4 5 6 7 
2 188686 206 
5 188688 216 217 218 365 
2 188691 221 
3 188692 223 334 
5 188698 236 237 238 338 
2 188705 385 
2 188707 247 
2 188709 297 
5 188711 248 249 250 306 
5 188717 267 268 269 341 
5 188723 280 281 282 372 
2 188725 284 
2 188734 69 
2 188736 84 
2 188743 72 
2 188759 11 
3 188765 47 48 
2 188770 21 
3 188771 27 28 
2 188773 56 
2 188774 58 
2 188780 55 
2 188798 50 
2 188801 9 
2 188817 12 
2 188822 10 
2 188851 16 
2 188856 17 
2 188869 20 
2 188875 14 
2 188880 18 
2 188884 22 
2 188899 19 
2 188941 15 
5 188945 51 52 53 54 
5 188968 23 24 25 26 
2 188973 57 
2 188982 13 
2 189000 30 
2 189005 31 
2 189010 29 
2 189017 34 
5 189085 37 38 39 40 
2 189101 41 
5 189104 44 45 189105 189202 
2 189114 36 
2 189120 32 
2 189141 33 
2 189145 35 
3 189191 46 189194 
2 189209 49 
2 189244 42 
2 189249 43 
2 189271 70 
2 189272 65 
2 189276 62 
2 189298 64 
2 189313 68 
2 189330 61 
2 189465 67 
2 189529 63 
2 189556 60 
2 189720 76 
2 189752 83 
2 189832 85 
2 189838 71 
2 189853 81 
2 189886 88 
2 189892 82 
2 189962 79 
2 190000 78 
2 190016 75 
2 190025 74 
2 190067 73 
2 190092 80 
2 190124 95 
3 190125 110 112 
2 190136 115 
3 190142 105 106 
2 190143 89 
2 190153 109 
2 190159 111 
5 190161 113 190162 116 190163 
2 190173 104 
3 190180 90 190182 
2 190186 101 
2 190212 102 
2 190240 114 
5 190283 96 97 99 100 
2 190323 108 
5 190386 91 92 93 94 
2 190457 103 
2 190466 98 
2 190561 107 
2 190593 141 
2 190594 150 
2 190605 190 
2 190608 118 
2 190621 171 
2 190622 154 
2 190738 123 
2 190801 122 
2 190809 195 
2 190823 129 
2 190864 149 
2 190927 198 
2 190951 148 
2 190969 162 
2 190994 184 
2 191034 173 
2 191060 132 
2 191062 180 
5 191078 145 147 197 202 
5 191089 159 160 168 193 
2 191145 152 
2 191182 117 
2 191210 161 
2 191245 119 
2 191274 120 
2 191316 164 
5 191421 135 136 137 139 
2 191440 194 
5 191445 124 125 126 127 
2 191559 196 
2 191593 121 
2 191613 199 
2 191618 200 
2 191692 185 
5 191776 155 156 157 158 
2 191780 165 
2 191802 170 
2 191843 189 
2 191861 181 
2 191880 192 
2 191887 182 
2 191901 166 
2 191904 169 
2 191948 201 
2 192018 133 
2 192060 146 
2 192092 138 
2 192156 163 
2 192186 174 
2 192208 183 
2 192236 191 
2 192327 167 
2 192351 245 
2 192356 260 
2 192361 266 
2 192364 272 
2 192383 230 
2 192385 234 
2 192391 211 
2 192396 213 
2 192399 214 
2 192434 205 
2 192450 210 
2 192500 229 
2 192520 228 
2 192570 209 
2 192693 232 
2 192710 235 
2 192736 231 
2 192768 246 
2 192805 220 
2 192808 240 
2 192844 215 
5 192853 224 225 226 227 
2 192888 212 
2 192894 204 
2 192902 222 
3 192933 207 208 
2 192946 203 
2 192954 219 
2 193008 233 
2 193052 239 
5 193166 241 242 243 244 
2 193214 251 
5 193243 255 256 257 258 
2 193298 265 
2 193334 271 
2 193341 270 
2 193348 261 
2 193364 259 
2 193428 262 
2 193471 278 
2 193512 285 
5 193546 274 275 276 277 
2 193646 283 
5 193649 286 287 288 289 
2 193657 254 
2 193658 279 
2 193675 253 
2 193704 252 
2 193856 263 
2 193893 264 
2 194049 273 
2 194071 316 
2 194072 364 
2 194093 353 
2 194104 370 
2 194110 368 
3 194125 348 349 
2 194126 337 
3 194127 351 352 
2 194132 305 
2 194169 345 
2 194177 312 
2 194183 307 
2 194195 325 
2 194219 342 
2 194227 327 
5 194230 293 303 383 384 
2 194233 315 
2 194267 328 
2 194281 304 
2 194293 302 
3 194294 317 318 
2 194379 290 
5 194382 371 374 377 379 
2 194423 299 
2 194425 324 
2 194426 340 
2 194434 319 
2 194435 350 
2 194516 292 
2 194531 296 
3 194541 300 301 
2 194545 314 
2 194547 382 
2 194585 369 
2 194639 326 
2 194709 329 
2 194761 291 
2 194866 295 
2 194935 339 
2 194956 294 
2 194957 298 
2 195023 336 
2 195032 362 
2 195053 346 
2 195120 331 
2 195166 313 
2 195170 330 
2 195302 361 
2 195396 380 
2 195422 363 
2 195433 343 
2 195452 311 
2 195458 344 
2 195469 310 
2 195494 347 
2 195500 333 
2 195558 308 
5 195564 320 321 322 323 
2 195574 309 
2 195576 332 
2 195596 335 
2 195681 381 
2 195693 359 
5 195713 354 355 356 357 
2 195719 367 
5 195732 386 387 388 389 
2 195737 358 
2 195746 360 
2 195755 366 
2 195791 373 
2 195796 375 
2 195807 378 
2 195832 376 
