3669
1 178037 
1 178038 
1 178039 
1 178040 
1 178041 
1 178042 
1 178043 
1 178044 
1 178045 
1 178046 
1 178047 
1 178048 
1 178049 
1 178050 
1 178051 
1 178052 
1 178053 
1 178054 
1 178055 
1 178056 
1 178057 
1 178058 
1 178059 
1 178060 
1 178061 
1 178062 
1 178063 
1 178064 
1 178065 
1 178066 
1 178067 
1 178068 
1 178069 
1 178070 
1 178071 
1 178072 
1 178073 
1 178074 
1 178075 
1 178076 
1 178077 
1 178078 
1 178079 
1 178080 
1 178081 
1 178082 
1 178083 
1 178084 
1 178085 
1 178086 
1 178087 
1 178088 
1 178089 
1 178090 
1 178091 
1 178092 
1 178093 
1 178094 
1 178095 
1 178096 
1 178097 
1 178098 
1 178099 
1 178100 
1 178101 
1 178102 
1 178103 
1 178104 
1 178105 
1 178106 
1 178107 
1 178108 
1 178109 
1 178110 
1 178111 
1 178112 
1 178113 
1 178114 
1 178115 
1 178116 
1 178117 
1 178118 
1 178119 
1 178120 
1 178121 
1 178122 
1 178123 
1 178124 
1 178125 
1 178126 
1 178127 
1 178128 
1 178129 
1 178130 
1 178131 
1 178132 
1 178133 
1 178134 
1 178135 
1 178136 
1 178137 
1 178138 
1 178139 
1 178140 
1 178141 
1 178142 
1 178143 
1 178144 
1 178145 
1 178146 
1 178147 
1 178148 
1 178149 
1 178150 
1 178151 
1 178152 
1 178153 
1 178154 
1 178155 
1 178156 
1 178157 
1 178158 
1 178159 
1 178160 
1 178161 
1 178162 
1 178163 
1 178164 
1 178165 
1 178166 
1 178167 
1 178168 
1 178169 
1 178170 
1 178171 
1 178172 
1 178173 
1 178174 
1 178175 
1 178176 
1 178177 
1 178178 
1 178179 
1 178180 
1 178181 
1 178182 
1 178183 
1 178184 
1 178185 
1 178186 
1 178187 
1 178188 
1 178189 
1 178190 
1 178191 
1 178192 
1 178193 
1 178194 
1 178195 
1 178196 
1 178197 
1 178198 
1 178199 
1 178200 
1 178201 
1 178202 
1 178203 
1 178204 
1 178205 
1 178206 
1 178207 
1 178208 
1 178209 
1 178210 
1 178211 
1 178212 
1 178213 
1 178214 
1 178215 
1 178216 
1 178217 
1 178218 
1 178219 
1 178220 
1 178221 
1 178222 
1 178223 
1 178224 
1 178225 
1 178226 
1 178227 
1 178228 
1 178229 
1 178230 
1 178231 
1 178232 
1 178233 
1 178234 
1 178235 
1 178236 
1 178237 
1 178238 
1 178239 
1 178240 
1 178241 
1 178242 
1 178243 
1 178244 
1 178245 
1 178246 
1 178247 
1 178248 
1 178249 
1 178250 
1 178251 
1 178252 
1 178253 
1 178254 
1 178255 
1 178256 
1 178257 
1 178258 
1 178259 
1 178260 
1 178261 
1 178262 
1 178263 
1 178264 
1 178265 
1 178266 
1 178267 
1 178268 
1 178269 
1 178270 
1 178271 
1 178272 
1 178273 
1 178274 
1 178275 
1 178276 
1 178277 
1 178278 
1 178279 
1 178280 
1 178281 
1 178282 
1 178283 
1 178284 
1 178285 
1 178286 
1 178287 
1 178288 
1 178289 
1 178290 
1 178291 
1 178292 
1 178293 
1 178294 
1 178295 
1 178296 
1 178297 
1 178298 
1 178299 
1 178300 
1 178301 
1 178302 
1 178303 
1 178304 
1 178305 
1 178306 
1 178307 
1 178308 
1 178309 
1 178310 
1 178311 
1 178312 
1 178313 
1 178314 
1 178315 
1 178316 
1 178317 
1 178318 
1 178319 
1 178320 
1 178321 
1 178322 
1 178323 
1 178324 
1 178325 
1 178326 
1 178327 
1 178328 
1 178329 
1 178330 
1 178331 
1 178332 
1 178333 
1 178334 
1 178335 
1 178336 
1 178337 
1 178338 
1 178339 
1 178340 
1 178341 
1 178342 
1 178343 
1 178344 
1 178345 
1 178346 
1 178347 
1 178348 
1 178349 
1 178350 
1 178351 
1 178352 
1 178353 
1 178354 
1 178355 
1 178356 
1 178357 
1 178358 
1 178359 
1 178360 
1 178361 
1 178362 
1 178363 
1 178364 
1 178365 
1 178366 
1 178367 
1 178368 
1 178369 
1 178370 
1 178371 
1 178372 
1 178373 
1 178374 
1 178375 
1 178376 
1 178377 
1 178378 
1 178379 
1 178380 
1 178381 
1 178382 
1 178383 
1 178384 
1 178385 
1 178386 
1 178387 
1 178388 
1 178389 
1 178390 
1 178391 
1 178392 
1 178393 
1 178394 
1 178395 
1 178396 
1 178397 
1 178398 
1 178399 
1 178400 
1 178401 
1 178402 
1 178403 
1 178404 
1 178405 
1 178406 
1 178407 
1 178408 
1 178409 
1 178410 
1 178411 
1 178412 
1 178413 
1 178414 
1 178415 
1 178416 
1 178417 
1 178418 
1 178419 
1 178420 
1 178421 
1 178422 
1 178423 
1 178424 
1 178425 
1 178426 
1 178427 
1 178428 
1 178429 
1 178430 
1 178431 
1 178432 
1 178433 
1 178434 
1 178435 
1 178436 
1 178437 
1 178438 
1 178439 
1 178440 
1 178441 
1 178442 
1 178443 
1 178444 
1 178445 
1 178446 
1 178447 
1 178448 
1 178449 
1 178450 
1 178451 
1 178452 
1 178453 
1 178454 
1 178455 
1 178456 
1 178457 
1 178458 
1 178459 
1 178460 
1 178461 
1 178462 
1 178463 
1 178464 
1 178465 
1 178466 
1 178467 
1 178468 
1 178469 
1 178470 
1 178471 
1 178472 
1 178473 
1 178474 
1 178475 
1 178476 
1 178477 
1 178478 
1 178479 
1 178480 
1 178481 
1 178482 
1 178483 
1 178484 
1 178485 
1 178486 
1 178487 
1 178488 
1 178489 
1 178490 
1 178491 
1 178492 
1 178493 
1 178494 
1 178495 
1 178496 
1 178497 
1 178498 
1 178499 
1 178500 
1 178501 
1 178502 
1 178503 
1 178504 
1 178505 
1 178506 
1 178507 
1 178508 
1 178509 
1 178510 
1 178511 
1 178512 
1 178513 
1 178514 
1 178515 
1 178516 
1 178517 
1 178518 
1 178519 
1 178520 
1 178521 
1 178522 
1 178523 
1 178524 
1 178525 
1 178526 
1 178527 
1 178528 
1 178529 
1 178530 
1 178531 
1 178532 
1 178533 
1 178534 
1 178535 
1 178536 
1 178537 
1 178538 
1 178539 
1 178540 
1 178541 
1 178542 
1 178543 
1 178544 
1 178545 
1 178546 
1 178547 
1 178548 
1 178549 
1 178550 
1 178551 
1 178552 
1 178553 
1 178554 
1 178555 
1 178556 
1 178557 
1 178558 
1 178559 
1 178560 
1 178561 
1 178562 
1 178563 
1 178564 
1 178565 
1 178566 
1 178567 
1 178568 
1 178569 
1 178570 
1 178571 
1 178572 
1 178573 
1 178574 
1 178575 
1 178576 
1 178577 
1 178578 
1 178579 
1 178580 
1 178581 
1 178582 
1 178583 
1 178584 
1 178585 
1 178586 
1 178587 
1 178588 
1 178589 
1 178590 
1 178591 
1 178592 
1 178593 
1 178594 
1 178595 
1 178596 
1 178597 
1 178598 
1 178599 
1 178600 
1 178601 
1 178602 
1 178603 
1 178604 
1 178605 
1 178606 
1 178607 
1 178608 
1 178609 
1 178610 
1 178611 
1 178612 
1 178613 
1 178614 
1 178615 
1 178616 
1 178617 
1 178618 
1 178619 
1 178620 
1 178621 
1 178622 
1 178623 
1 178624 
1 178625 
1 178626 
1 178627 
1 178628 
1 178629 
1 178630 
1 178631 
1 178632 
1 178633 
1 178634 
1 178635 
1 178636 
1 178637 
1 178638 
1 178639 
1 178640 
1 178641 
1 178642 
1 178643 
1 178644 
1 178645 
1 178646 
1 178647 
1 178648 
1 178649 
1 178650 
1 178651 
1 178652 
1 178653 
1 178654 
1 178655 
1 178656 
1 178657 
1 178658 
1 178659 
1 178660 
1 178661 
1 178662 
1 178663 
1 178664 
1 178665 
1 178666 
1 178667 
1 178668 
1 178669 
1 178670 
1 178671 
1 178672 
1 178673 
1 178674 
1 178675 
1 178676 
1 178677 
1 178678 
1 178679 
1 178680 
1 178681 
1 178682 
1 178683 
1 178684 
1 178685 
1 178686 
1 178687 
1 178688 
1 178689 
1 178690 
1 178691 
1 178692 
1 178693 
1 178694 
1 178695 
1 178696 
1 178697 
1 178698 
1 178699 
1 178700 
1 178701 
1 178702 
1 178703 
1 178704 
1 178705 
1 178706 
1 178707 
1 178708 
1 178709 
1 178710 
1 178711 
1 178712 
1 178713 
1 178714 
1 178715 
1 178716 
1 178717 
1 178718 
1 178719 
1 178720 
1 178721 
1 178722 
1 178723 
1 178724 
1 178725 
1 178726 
1 178727 
1 178728 
1 178729 
1 178730 
1 178731 
1 178732 
1 178733 
1 178734 
1 178735 
1 178736 
1 178737 
1 178738 
1 178739 
1 178740 
1 178741 
1 178742 
1 178743 
1 178744 
1 178745 
1 178746 
1 178747 
1 178748 
1 178749 
1 178750 
1 178751 
1 178752 
1 178753 
1 178754 
1 178755 
1 178756 
1 178757 
1 178758 
1 178759 
1 178760 
1 178761 
1 178762 
1 178763 
1 178764 
1 178765 
1 178766 
1 178767 
1 178768 
1 178769 
1 178770 
1 178771 
1 178772 
1 178773 
1 178774 
1 178775 
1 178776 
1 178777 
1 178778 
1 178779 
1 178780 
1 178781 
1 178782 
1 178783 
1 178784 
1 178785 
1 178786 
1 178787 
1 178788 
1 178789 
1 178790 
1 178791 
1 178792 
1 178793 
1 178794 
1 178795 
1 178796 
1 178797 
1 178798 
1 178799 
1 178800 
1 178801 
1 178802 
1 178803 
1 178804 
1 178805 
1 178806 
1 178807 
1 178808 
1 178809 
1 178810 
1 178811 
1 178812 
1 178813 
1 178814 
1 178815 
1 178816 
1 178817 
1 178818 
1 178819 
1 178820 
1 178821 
1 178822 
1 178823 
1 178824 
1 178825 
1 178826 
1 178827 
1 178828 
1 178829 
1 178830 
1 178831 
1 178832 
1 178833 
1 178834 
1 178835 
1 178836 
1 178837 
1 178838 
1 178839 
1 178840 
1 178841 
1 178842 
1 178843 
1 178844 
1 178845 
1 178846 
1 178847 
1 178848 
1 178849 
1 178850 
1 178851 
1 178852 
1 178853 
1 178854 
1 178855 
1 178856 
1 178857 
1 178858 
1 178859 
1 178860 
1 178861 
1 178862 
1 178863 
1 178864 
1 178865 
1 178866 
1 178867 
1 178868 
1 178869 
1 178870 
1 178871 
1 178872 
1 178873 
1 178874 
1 178875 
1 178876 
1 178877 
1 178878 
1 178879 
1 178880 
1 178881 
1 178882 
1 178883 
1 178884 
1 178885 
1 178886 
1 178887 
1 178888 
1 178889 
1 178890 
1 178891 
1 178892 
1 178893 
1 178894 
1 178895 
1 178896 
1 178897 
1 178898 
1 178899 
1 178900 
1 178901 
1 178902 
1 178903 
1 178904 
1 178905 
1 178906 
1 178907 
1 178908 
1 178909 
1 178910 
1 178911 
1 178912 
1 178913 
1 178914 
1 178915 
1 178916 
1 178917 
1 178918 
1 178919 
1 178920 
1 178921 
1 178922 
1 178923 
1 178924 
1 178925 
1 178926 
1 178927 
1 178928 
1 178929 
1 178930 
1 178931 
1 178932 
1 178933 
1 178934 
1 178935 
1 178936 
1 178937 
1 178938 
1 178939 
1 178940 
1 178941 
1 178942 
1 178943 
1 178944 
1 178945 
1 178946 
1 178947 
1 178948 
1 178949 
1 178950 
1 178951 
1 178952 
1 178953 
1 178954 
1 178955 
1 178956 
1 178957 
1 178958 
1 178959 
1 178960 
1 178961 
1 178962 
1 178963 
1 178964 
1 178965 
1 178966 
1 178967 
1 178968 
1 178969 
1 178970 
1 178971 
1 178972 
1 178973 
1 178974 
1 178975 
1 178976 
1 178977 
1 178978 
1 178979 
1 178980 
1 178981 
1 178982 
1 178983 
1 178984 
1 178985 
1 178986 
1 178987 
1 178988 
1 178989 
1 178990 
1 178991 
1 178992 
1 178993 
1 178994 
1 178995 
1 178996 
3 178997 181856 183070 
3 178998 181823 183084 
7 178999 181854 183091 181825 181853 181887 181855 
3 179000 181838 183074 
3 179001 181876 183076 
3 179002 181966 182990 
1 179003 
1 179004 
3 179005 179006 179007 
1 179008 
3 179009 181962 182960 
3 179010 181899 182922 
3 179011 182000 182943 
3 179012 182005 182937 
5 179013 182275 182655 182649 182656 
3 179014 182279 182623 
3 179015 182293 182617 
3 179016 182308 182616 
3 179017 182306 182618 
5 179018 182408 182515 182506 182576 
3 179019 182405 182579 
5 179020 182403 182527 182530 182535 
5 179021 182142 182524 182537 182551 
1 179022 
1 179023 
1 179024 
3 179025 182429 182520 
1 179026 
1 179027 
3 179028 182425 182523 
3 179029 182423 182521 
3 179030 180256 184803 
1 179031 
7 179032 180259 184773 180251 180255 184774 184776 
7 179033 180249 184805 184587 184767 184864 184768 
7 179034 180162 184804 180195 180191 180192 180193 
1 179035 
1 179036 
3 179037 180239 184752 
5 179038 180178 184746 184747 184781 
3 179039 179040 179041 
5 179042 180357 184722 179959 179986 
5 179043 180365 184632 184609 184718 
7 179044 180356 184619 180271 180355 184618 184620 
3 179045 180352 184617 
7 179046 180351 184623 184590 185015 185005 185021 
3 179047 180621 184328 
3 179048 180637 184336 
1 179049 
1 179050 
1 179051 
1 179052 
1 179053 
3 179054 180654 184317 
3 179055 180565 184286 
3 179056 180647 184275 
3 179057 180710 184238 
3 179058 180720 184213 
3 179059 180693 184252 
5 179060 180725 184214 180723 180724 
3 179061 180755 184215 
3 179062 180745 184212 
3 179063 180783 184219 
5 179064 180754 184216 180750 180753 
3 179065 180756 184477 
3 179066 180781 184246 
3 179067 180779 184250 
3 179068 180784 184249 
3 179069 179780 180106 
3 179070 179781 180095 
3 179071 179741 180080 
3 179072 179786 180113 
3 179073 179726 180115 
3 179074 179805 180160 
3 179075 179818 180117 
5 179076 179802 180121 180124 180161 
3 179077 179795 180122 
5 179078 179797 180126 179814 179813 
5 179079 179700 180133 180070 180074 
5 179080 179809 180128 179807 179808 
3 179081 179917 180053 
3 179082 179916 179974 
3 179083 179913 180022 
3 179084 179927 180010 
3 179085 179918 180014 
5 179086 179855 180016 179851 179852 
3 179087 179948 180011 
3 179088 179941 180017 
3 179089 179845 180060 
5 179090 179947 180059 179945 179946 
7 179091 179937 179975 179931 179934 179935 179933 
5 179092 179827 180061 179544 179597 
5 179093 179380 180493 179376 179379 
3 179094 179364 180497 
3 179095 179365 180494 
3 179096 179377 180483 
3 179097 179383 180522 
7 179098 179390 180474 179385 179403 180453 180544 
5 179099 179399 180570 179398 179400 
5 179100 179388 180459 180455 180461 
3 179101 179489 180410 
3 179102 179488 180409 
3 179103 179486 180393 
5 179104 179485 180405 179483 179484 
5 179105 179464 180406 180408 180438 
3 179106 179476 180394 
3 179107 179477 180424 
3 179108 179412 180397 
3 179109 179506 180417 
3 179110 179505 180399 
3 179111 179507 180414 
3 179112 179496 180400 
3 179113 179529 180404 
3 179114 179512 180416 
3 179115 179526 180413 
1 179116 
5 179117 179273 179360 179328 179359 
3 179118 179267 179331 
3 179119 179231 179268 
3 179120 179255 179303 
3 179121 179175 179456 
5 179122 179142 179452 179444 179445 
3 179123 179138 179482 
3 179124 179169 179492 
5 179125 179172 179466 179171 179174 
3 179126 179165 179467 
3 179127 179181 179419 
1 179128 
1 179129 
5 179130 179218 179424 179418 179422 
3 179131 179196 179509 
5 179132 179207 179436 179437 179438 
3 179133 179205 179524 
5 179134 179217 179440 179206 179210 
3 179135 179215 179441 
3 179136 179220 179443 
3 179137 179193 179204 
3 179139 179140 179192 
1 179141 
3 179143 179146 179153 
3 179144 179226 179209 
3 179145 179170 179186 
1 179147 
3 179148 179150 179225 
3 179149 179157 179167 
3 179151 179158 179161 
1 179152 
3 179154 179155 179168 
1 179156 
3 179159 179162 179163 
3 179160 179176 179180 
1 179164 
1 179166 
1 179173 
5 179177 179187 179188 179190 179191 
3 179178 179179 179182 
3 179183 179184 179185 
1 179189 
1 179194 
3 179195 179198 179199 
3 179197 179211 179213 
1 179200 
3 179201 179202 179203 
1 179208 
3 179212 179214 179216 
1 179219 
3 179221 179222 179223 
1 179224 
3 179227 179263 179271 
3 179228 179264 179270 
3 179229 179259 179253 
3 179230 179232 179274 
3 179233 179260 179261 
5 179234 179236 179276 179237 179243 
3 179235 179239 179281 
3 179238 179251 179252 
5 179240 179242 179241 179244 179245 
3 179246 179247 179284 
1 179248 
3 179249 179286 179272 
1 179250 
1 179254 
3 179256 179282 179289 
1 179257 
1 179258 
3 179262 179266 179290 
1 179265 
1 179269 
1 179275 
1 179277 
1 179278 
1 179279 
1 179280 
1 179283 
1 179285 
1 179287 
1 179288 
1 179291 
7 179292 179339 179370 179334 179337 179361 179353 
3 179293 179342 179373 
3 179294 179330 179372 
3 179295 179347 179367 
3 179296 179336 179371 
3 179297 179305 179395 
3 179298 179319 179396 
3 179299 179321 179392 
3 179300 179309 179312 
3 179301 179307 179320 
1 179302 
5 179304 179322 179325 179324 179326 
1 179306 
3 179308 179310 179311 
5 179313 179315 179314 179316 179317 
1 179318 
1 179323 
1 179327 
3 179329 179350 179354 
3 179332 179346 179343 
3 179333 179363 179358 
3 179335 179357 179349 
1 179338 
1 179340 
1 179341 
1 179344 
1 179345 
3 179348 179351 179352 
1 179355 
1 179356 
1 179362 
3 179366 179374 179381 
3 179368 179384 179378 
1 179369 
1 179375 
1 179382 
3 179386 179402 179401 
1 179387 
3 179389 179404 179405 
1 179391 
3 179393 179394 179397 
1 179406 
5 179407 179410 179411 179474 179479 
3 179408 179454 179490 
3 179409 179469 179478 
3 179413 179453 179491 
3 179414 179431 179528 
3 179415 179465 179480 
3 179416 179457 179481 
3 179417 179420 179442 
1 179421 
5 179423 179425 179432 179435 179439 
1 179426 
1 179427 
1 179428 
1 179429 
1 179430 
1 179433 
1 179434 
5 179446 179448 179449 179450 179451 
3 179447 179455 179471 
3 179458 179468 179472 
1 179459 
5 179460 179462 179463 179473 179470 
1 179461 
1 179475 
1 179487 
1 179493 
5 179494 179495 179508 179498 179499 
1 179497 
3 179500 179501 179503 
1 179502 
1 179504 
3 179510 179511 179513 
1 179514 
3 179515 179519 179520 
3 179516 179517 179518 
1 179521 
3 179522 179523 179525 
1 179527 
7 179530 179659 179695 179616 179658 179696 179697 
9 179531 179633 179698 179610 179664 179620 179630 179706 179716 
3 179532 179631 179725 
3 179533 179548 179534 
1 179535 
5 179536 179598 179874 179900 179876 
3 179537 179897 179538 
5 179539 179583 179902 179550 179581 
5 179540 179551 179886 179888 179908 
3 179541 179549 179877 
3 179542 179577 179871 
3 179543 179578 179872 
3 179545 179635 179732 
3 179546 179672 179757 
5 179547 179619 179750 179617 179651 
3 179552 179553 179600 
3 179554 179555 179595 
3 179556 179560 179586 
5 179557 179559 179589 179561 179566 
1 179558 
3 179562 179563 179565 
1 179564 
1 179567 
3 179568 179570 179571 
3 179569 179574 179580 
3 179572 179573 179579 
1 179575 
1 179576 
1 179582 
3 179584 179591 179599 
5 179585 179593 179594 179596 179602 
1 179587 
1 179588 
1 179590 
3 179592 179601 179605 
1 179603 
1 179604 
1 179606 
1 179607 
3 179608 179614 179629 
3 179609 179648 179644 
3 179611 179686 179652 
5 179612 179613 179678 179628 179646 
5 179615 179622 179650 179621 179623 
3 179618 179679 179681 
3 179624 179685 179639 
3 179625 179668 179666 
3 179626 179655 179627 
1 179632 
3 179634 179637 179638 
3 179636 179656 179662 
3 179640 179641 179654 
1 179642 
1 179643 
3 179645 179647 179677 
3 179649 179669 179671 
1 179653 
3 179657 179660 179663 
1 179661 
3 179665 179667 185802 
1 179670 
1 179673 
3 179674 179675 179676 
3 179680 179682 179684 
1 179683 
3 179687 179694 179801 
3 179688 179699 179794 
5 179689 179735 179774 179729 179768 
3 179690 179715 179796 
5 179691 179717 179798 179800 179803 
3 179692 179711 179811 
3 179693 179719 179718 
3 179701 179703 179704 
3 179702 179705 179707 
3 179708 179709 179710 
1 179712 
1 179713 
3 179714 179721 179722 
1 179720 
1 179723 
1 179724 
3 179727 179772 179766 
3 179728 179734 179764 
3 179730 179737 179748 
3 179731 179738 179739 
3 179733 179740 179742 
3 179736 179752 179751 
1 179743 
3 179744 179769 179767 
3 179745 179755 179746 
3 179747 179765 179749 
1 179753 
1 179754 
3 179756 179763 179759 
3 179758 179760 179761 
1 179762 
1 179770 
1 179771 
3 179773 179778 179779 
3 179775 179782 179790 
5 179776 179791 179792 179793 179789 
1 179777 
1 179783 
3 179784 179785 179788 
1 179787 
1 179799 
3 179804 179812 179817 
1 179806 
1 179810 
1 179815 
1 179816 
3 179819 179868 179932 
3 179820 179895 179821 
3 179822 179898 179922 
1 179823 
5 179824 179866 179943 179936 179944 
3 179825 179841 179844 
1 179826 
3 179828 179830 179831 
3 179829 179835 179848 
3 179832 179834 179853 
5 179833 179861 179870 179837 179840 
3 179836 179842 179856 
3 179838 179839 179867 
3 179843 179846 179847 
1 179849 
1 179850 
5 179854 179858 179857 179859 179860 
3 179862 179863 179865 
1 179864 
1 179869 
3 179873 179890 179892 
3 179875 179889 179883 
3 179878 179879 179907 
3 179880 179881 179887 
3 179882 179884 179910 
1 179885 
1 179891 
3 179893 179894 179896 
1 179899 
1 179901 
1 179903 
3 179904 179905 179906 
1 179909 
3 179911 179930 179928 
3 179912 179919 179920 
3 179914 179925 179923 
3 179915 179924 179921 
1 179926 
1 179929 
3 179938 179951 179942 
1 179939 
3 179940 179949 179950 
7 179952 180149 180225 180169 180181 180234 180200 
3 179953 180063 180218 
3 179954 180067 180217 
7 179955 180148 180227 180140 180142 180143 180147 
7 179956 179972 179963 179973 180267 179970 179971 
7 179957 179984 180303 180056 180041 180264 180327 
5 179958 179985 180277 180278 180293 
3 179960 179983 180272 
3 179961 180073 180224 
1 179962 
3 179964 180107 180242 
7 179965 180024 180318 180003 180023 180030 180025 
3 179966 180050 180314 
3 179967 180077 180246 
7 179968 180040 180347 180032 180034 180323 180348 
3 179969 180054 180300 
1 179976 
1 179977 
3 179978 179991 179992 
1 179979 
3 179980 180058 180021 
1 179981 
1 179982 
1 179987 
1 179988 
3 179989 180004 180008 
1 179990 
3 179993 179994 179995 
3 179996 180000 180055 
3 179997 180002 180029 
3 179998 179999 180001 
3 180005 180006 180007 
1 180009 
3 180012 180051 180052 
1 180013 
1 180015 
1 180018 
3 180019 180037 180043 
1 180020 
3 180026 180027 180028 
3 180031 180033 180039 
3 180035 180036 180042 
3 180038 180045 180046 
1 180044 
3 180047 180048 180049 
1 180057 
3 180062 180065 180066 
3 180064 180109 180141 
3 180068 180111 180112 
5 180069 180089 180125 180094 180097 
5 180071 180084 180075 180085 180086 
3 180072 180083 180087 
3 180076 180081 180082 
3 180078 180088 180102 
3 180079 180098 180108 
5 180090 180091 180127 180092 180093 
1 180096 
3 180099 180103 180104 
3 180100 180101 180134 
1 180105 
1 180110 
1 180114 
3 180116 180118 180119 
1 180120 
1 180123 
3 180129 180130 180132 
5 180131 180136 180138 180137 180139 
1 180135 
1 180144 
1 180145 
1 180146 
1 180150 
5 180151 180152 180154 180153 180155 
3 180156 180157 180159 
1 180158 
3 180163 180199 180235 
3 180164 180189 180194 
3 180165 180206 180245 
3 180166 180187 180188 
3 180167 180253 180237 
1 180168 
3 180170 180175 180230 
3 180171 180172 180231 
3 180173 180182 180179 
3 180174 180185 180177 
3 180176 180186 180233 
1 180180 
1 180183 
1 180184 
1 180190 
1 180196 
5 180197 180198 180236 180238 180240 
3 180201 180203 180221 
3 180202 180204 180229 
3 180205 180216 180226 
3 180207 180209 180219 
1 180208 
3 180210 180211 180212 
3 180213 180214 180244 
1 180215 
3 180220 180222 180223 
1 180228 
1 180232 
1 180241 
3 180243 180247 180248 
1 180250 
3 180252 180254 180258 
1 180257 
3 180260 180289 180374 
3 180261 180302 180335 
5 180262 180304 180316 180313 180315 
3 180263 180344 180321 
3 180265 180281 180284 
3 180266 180282 180291 
1 180268 
3 180269 180297 180349 
3 180270 180296 180346 
3 180273 180274 180275 
3 180276 180294 180295 
1 180279 
1 180280 
3 180283 180292 180287 
3 180285 180288 180290 
1 180286 
3 180298 180299 180306 
3 180301 180320 180319 
3 180305 180307 180308 
3 180309 180310 180311 
1 180312 
1 180317 
1 180322 
5 180324 180345 180325 180333 180326 
3 180328 180329 180334 
7 180330 180332 180340 180341 180342 180343 180350 
1 180331 
1 180336 
3 180337 180338 180339 
3 180353 180354 180359 
3 180358 180371 180370 
5 180360 180363 180364 180366 180362 
3 180361 180368 180367 
3 180369 180372 180373 
1 180375 
1 180376 
5 180377 180549 180553 180547 180552 
3 180378 180501 180554 
3 180379 180502 180609 
3 180380 180505 180600 
3 180381 180521 180601 
5 180382 180529 180576 180543 180541 
7 180383 180429 180688 180667 180735 180736 180741 
5 180384 180420 180690 180415 180418 
3 180385 180445 180678 
9 180386 180523 180602 180450 180496 180485 180486 180560 180591 
5 180387 180441 180771 180770 180773 
3 180388 180390 180449 
1 180389 
1 180391 
3 180392 180433 180411 
1 180395 
1 180396 
1 180398 
3 180401 180402 180403 
1 180407 
1 180412 
1 180419 
3 180421 180439 180443 
3 180422 180426 180432 
1 180423 
1 180425 
3 180427 180428 180430 
1 180431 
1 180434 
1 180435 
1 180436 
3 180437 180447 180448 
1 180440 
3 180442 180444 180446 
3 180451 180487 180500 
3 180452 180488 180515 
1 180454 
3 180456 180457 180458 
1 180460 
1 180462 
5 180463 180464 180465 180466 180467 
3 180468 180472 180473 
3 180469 180470 180475 
1 180471 
1 180476 
3 180477 180478 180480 
3 180479 180484 180489 
1 180481 
3 180482 180490 180495 
1 180491 
1 180492 
1 180498 
1 180499 
3 180503 180517 180525 
3 180504 180506 180519 
3 180507 180510 180512 
3 180508 180511 180509 
1 180513 
3 180514 180518 180520 
1 180516 
1 180524 
1 180526 
3 180527 180534 180538 
1 180528 
3 180530 180533 180542 
3 180531 180535 180548 
1 180532 
1 180536 
3 180537 180539 180540 
3 180545 180551 180550 
1 180546 
3 180555 180582 180580 
3 180556 180588 180620 
1 180557 
3 180558 180653 180658 
3 180559 180579 180652 
3 180561 180572 180657 
5 180562 180573 180571 180577 180578 
3 180563 180564 180574 
3 180566 180567 180568 
1 180569 
1 180575 
3 180581 180610 180583 
1 180584 
3 180585 180586 180608 
3 180587 180611 180589 
3 180590 180595 180599 
3 180592 180598 180603 
1 180593 
1 180594 
1 180596 
3 180597 180604 180606 
1 180605 
1 180607 
3 180612 180636 180630 
1 180613 
1 180614 
3 180615 180632 180640 
3 180616 180623 180639 
3 180617 180622 180641 
3 180618 180638 180634 
3 180619 180624 180629 
3 180625 180627 180631 
1 180626 
3 180628 180633 180635 
3 180642 180643 180644 
3 180645 180660 180659 
3 180646 180662 180656 
1 180648 
1 180649 
3 180650 180655 180661 
1 180651 
3 180663 180664 180665 
3 180666 180687 180769 
3 180668 180689 180738 
5 180669 180681 180748 180759 180760 
3 180670 180683 180747 
3 180671 180761 180778 
5 180672 180684 180762 180679 180766 
7 180673 180680 180768 180676 180677 180772 180775 
1 180674 
3 180675 180717 180722 
3 180682 180686 180685 
3 180691 180704 180701 
1 180692 
5 180694 180696 180695 180699 180700 
3 180697 180706 180702 
3 180698 180705 180707 
1 180703 
3 180708 180730 180729 
3 180709 180712 180733 
3 180711 180718 180719 
3 180713 180716 180721 
1 180714 
3 180715 180728 180731 
1 180726 
1 180727 
1 180732 
1 180734 
1 180737 
3 180739 180740 180749 
1 180742 
3 180743 180744 180785 
3 180746 180757 180782 
3 180751 180758 180780 
1 180752 
3 180763 180764 180765 
1 180767 
3 180774 180776 180777 
3 180786 181418 181747 
5 180787 181422 181739 181737 181738 
3 180788 181431 181726 
3 180789 181433 181724 
5 180790 181409 181721 181427 181459 
3 180791 181546 181648 
3 180792 181562 181631 
7 180793 181555 181638 181553 181556 181594 181661 
3 180794 181561 181642 
7 180795 181552 181646 181223 181267 181560 181550 
3 180796 181554 181643 
3 180797 181549 181647 
5 180798 181520 181644 181537 181522 
7 180799 181029 182221 182021 182167 182258 182148 
5 180800 181025 182179 180965 180996 
5 180801 181027 182180 181040 181033 
5 180802 181060 182181 181057 181058 
7 180803 181056 182209 180961 180995 180983 180993 
3 180804 181064 182214 
3 180805 181065 182183 
5 180806 180987 182177 182178 182184 
7 180807 181066 182196 180963 180988 180970 180990 
5 180808 181388 181748 181752 181753 
3 180809 181387 181750 
3 180810 181179 182073 
3 180811 181178 182064 
3 180812 181136 182063 
3 180813 181207 182112 
3 180814 181186 182106 
3 180815 181201 182046 
3 180816 181202 182051 
3 180817 181198 182118 
3 180818 180958 181022 
3 180819 180925 181008 
3 180820 180912 180972 
5 180821 180968 185801 180975 180982 
3 180822 180924 180823 
3 180824 180992 180969 
3 180825 180855 181147 
3 180826 180862 181130 
1 180827 
7 180828 180892 181098 180872 180877 181071 181211 
3 180829 180899 181081 
5 180830 180898 181114 181075 181077 
1 180831 
1 180832 
5 180833 180843 180896 180859 180895 
3 180834 180836 180838 
1 180835 
3 180837 180851 180857 
3 180839 180840 180841 
5 180842 180845 180847 180846 180848 
3 180844 180902 180901 
3 180849 180850 180856 
3 180852 180853 180858 
1 180854 
1 180860 
1 180861 
1 180863 
1 180864 
3 180865 180867 180874 
1 180866 
3 180868 180882 180884 
3 180869 180871 180873 
3 180870 180881 180893 
1 180875 
1 180876 
3 180878 180879 180880 
3 180883 180886 180889 
1 180885 
3 180887 180888 180891 
1 180890 
1 180894 
1 180897 
1 180900 
5 180903 180914 180947 180930 180931 
3 180904 180905 180906 
3 180907 180909 180948 
1 180908 
1 180910 
1 180911 
1 180913 
3 180915 180917 180919 
1 180916 
1 180918 
1 180920 
1 180921 
3 180922 180923 180926 
3 180927 180946 180954 
3 180928 180929 180955 
3 180932 180940 180957 
1 180933 
5 180934 180938 180936 180941 180939 
1 180935 
3 180937 180945 180952 
1 180942 
3 180943 180944 180949 
1 180950 
1 180951 
1 180953 
1 180956 
1 180959 
1 180960 
1 180962 
5 180964 181003 181028 180998 181020 
3 180966 181016 181044 
3 180967 181017 181041 
3 180971 180974 180985 
3 180973 180991 180989 
3 180976 180979 180981 
3 180977 180978 180980 
1 180984 
1 180986 
1 180994 
1 180997 
1 180999 
1 181000 
3 181001 181012 181023 
3 181002 181004 181021 
3 181005 181019 181014 
3 181006 181007 181011 
1 181009 
1 181010 
1 181013 
1 181015 
1 181018 
1 181024 
3 181026 181039 181032 
1 181030 
1 181031 
3 181034 181035 181036 
1 181037 
3 181038 181043 181042 
1 181045 
1 181046 
3 181047 181067 181063 
5 181048 181049 181059 181050 181053 
3 181051 181054 181055 
3 181052 181062 181061 
3 181068 181121 181174 
7 181069 181118 181172 181116 181117 181122 181141 
3 181070 181124 181182 
5 181072 181099 181203 181092 181093 
3 181073 181102 181188 
3 181074 181113 181197 
1 181076 
1 181078 
1 181079 
3 181080 181082 181091 
3 181083 181095 181103 
5 181084 181086 181085 181087 181088 
3 181089 181112 181108 
3 181090 181094 181101 
3 181096 181097 181105 
1 181100 
1 181104 
1 181106 
1 181107 
1 181109 
1 181110 
1 181111 
3 181115 181126 181142 
3 181119 181120 181123 
1 181125 
5 181127 181153 181128 181150 181151 
1 181129 
3 181131 181143 181140 
5 181132 181148 181158 181146 181149 
5 181133 181144 181157 181135 181145 
1 181134 
3 181137 181138 181139 
3 181152 181154 181155 
1 181156 
3 181159 181160 181161 
3 181162 181163 181164 
3 181165 181166 181168 
1 181167 
3 181169 181171 181173 
3 181170 181184 181183 
3 181175 181176 181181 
1 181177 
1 181180 
1 181185 
3 181187 181189 181196 
3 181190 181191 181192 
3 181193 181208 181209 
3 181194 181210 181213 
3 181195 181199 181200 
3 181204 181205 181206 
1 181212 
7 181214 181358 181446 181320 181353 181374 181381 
3 181215 181481 181490 
7 181216 181286 181249 181263 181291 181280 181285 
5 181217 181287 181482 181284 181492 
3 181218 181340 181423 
5 181219 181339 181451 181331 181334 
5 181220 181345 181438 181454 181458 
3 181221 181297 181544 
3 181222 181269 181517 
3 181224 181272 181513 
3 181225 181277 181475 
9 181226 181295 181524 181228 181229 181296 181271 181523 181525 
3 181227 181305 181304 
3 181230 181257 181273 
1 181231 
3 181232 181282 181290 
3 181233 181235 181237 
3 181234 181236 181238 
3 181239 181262 181301 
3 181240 181244 181289 
3 181241 181242 181245 
1 181243 
1 181246 
1 181247 
1 181248 
3 181250 181251 181292 
1 181252 
3 181253 181270 181283 
3 181254 181264 181265 
3 181255 181266 181268 
3 181256 181258 181298 
3 181259 181260 181299 
3 181261 181274 181278 
1 181275 
1 181276 
3 181279 181281 181300 
1 181288 
3 181293 181294 181302 
1 181303 
1 181306 
1 181307 
3 181308 181337 181370 
3 181309 181338 181368 
1 181310 
5 181311 181318 181332 181343 181344 
3 181312 181319 181317 
3 181313 181348 181351 
3 181314 181352 181361 
3 181315 181372 181373 
1 181316 
1 181321 
5 181322 181341 181342 181346 181363 
1 181323 
5 181324 181325 181326 181328 181329 
1 181327 
1 181330 
3 181333 181347 181362 
1 181335 
1 181336 
1 181349 
1 181350 
3 181354 181355 181359 
3 181356 181367 181369 
3 181357 181366 181371 
1 181360 
1 181364 
1 181365 
3 181375 181379 181443 
1 181376 
3 181377 181390 181394 
3 181378 181391 181393 
3 181380 181389 181469 
1 181382 
1 181383 
3 181384 181385 181386 
3 181392 181398 181402 
3 181395 181397 181404 
1 181396 
3 181399 181400 181401 
1 181403 
1 181405 
3 181406 181424 181465 
3 181407 181442 181412 
1 181408 
3 181410 181428 181457 
3 181411 181434 181463 
1 181413 
1 181414 
1 181415 
1 181416 
1 181417 
3 181419 181436 181435 
1 181420 
1 181421 
1 181425 
1 181426 
3 181429 181430 181432 
3 181437 181440 181441 
3 181439 181455 181456 
1 181444 
1 181445 
1 181447 
3 181448 181449 181450 
3 181452 181453 181460 
1 181461 
1 181462 
1 181464 
3 181466 181467 181468 
3 181470 181471 181472 
3 181473 181539 181547 
5 181474 181504 181574 181575 181577 
3 181476 181478 181477 
1 181479 
5 181480 181488 181510 181484 181509 
3 181483 181498 181503 
1 181485 
3 181486 181500 181495 
3 181487 181508 181496 
1 181489 
1 181491 
3 181493 181497 181499 
1 181494 
3 181501 181502 181506 
1 181505 
1 181507 
3 181511 181516 181518 
3 181512 181515 181542 
1 181514 
3 181519 181540 181536 
1 181521 
3 181526 181529 181532 
1 181527 
1 181528 
3 181530 181531 181533 
3 181534 181541 181543 
1 181535 
1 181538 
1 181545 
1 181548 
1 181551 
3 181557 181558 181559 
3 181563 181568 181569 
1 181564 
3 181565 181570 181576 
1 181566 
1 181567 
1 181571 
3 181572 181573 181581 
3 181578 181579 181580 
5 181582 181793 181858 181813 181891 
5 181583 181805 181859 181802 181803 
3 181584 181651 181976 
3 181585 181683 181934 
5 181586 181692 181921 181691 181696 
4 181587 181776 181845 181846 
5 181588 181777 181886 181817 181818 
3 181589 181775 181877 
5 181590 181801 181857 181800 181810 
5 181591 181596 181598 181663 181672 
3 181592 181666 181669 
3 181593 181626 181645 
3 181595 181634 181636 
1 181597 
3 181599 181611 181682 
5 181600 181625 181699 181606 181614 
3 181601 181620 181700 
3 181602 181623 181697 
3 181603 181639 181658 
5 181604 181615 181618 181608 181621 
3 181605 181613 181624 
1 181607 
3 181609 181617 181622 
1 181610 
1 181612 
1 181616 
1 181619 
3 181627 181629 181641 
3 181628 181630 181649 
1 181632 
3 181633 181637 181635 
1 181640 
3 181650 181654 181679 
1 181652 
5 181653 181656 181678 181667 181673 
1 181655 
5 181657 181670 181675 181676 181677 
3 181659 181664 181665 
3 181660 181671 181674 
1 181662 
1 181668 
3 181680 181688 181694 
3 181681 181702 181698 
5 181684 181687 181695 181685 181686 
1 181689 
3 181690 181693 181705 
1 181701 
1 181703 
1 181704 
3 181706 181719 181794 
3 181707 181720 181809 
5 181708 181717 181807 181715 181716 
3 181709 181741 181759 
5 181710 181729 181795 181792 181804 
5 181711 181712 181713 181714 181732 
1 181718 
1 181722 
3 181723 181735 181734 
3 181725 181733 181731 
1 181727 
1 181728 
1 181730 
1 181736 
3 181740 181742 181743 
3 181744 181756 181755 
1 181745 
1 181746 
1 181749 
1 181751 
1 181754 
7 181757 181790 181758 181771 181789 181770 181788 
1 181760 
3 181761 181782 181768 
5 181762 181785 181780 181781 181786 
3 181763 181767 181769 
5 181764 181765 181766 181773 181778 
1 181772 
1 181774 
1 181779 
1 181783 
1 181784 
1 181787 
1 181791 
1 181796 
1 181797 
1 181798 
3 181799 181808 181806 
1 181811 
5 181812 181828 181839 181862 181863 
3 181814 181897 181896 
5 181815 181888 181882 181883 181884 
3 181816 181827 181844 
3 181819 181820 181821 
1 181822 
1 181824 
1 181826 
3 181829 181834 181895 
3 181830 181832 181835 
1 181831 
3 181833 181836 181861 
3 181837 181841 181842 
3 181840 181864 181866 
3 181843 181848 181850 
1 181847 
1 181849 
1 181851 
1 181852 
1 181860 
1 181865 
5 181867 181869 181868 181870 181871 
3 181872 181874 181875 
1 181873 
3 181878 181880 181881 
3 181879 181889 181898 
1 181885 
1 181890 
3 181892 181893 181894 
3 181900 181942 181971 
1 181901 
3 181902 181960 181969 
3 181903 181939 181967 
1 181904 
3 181905 182003 182009 
1 181906 
5 181907 181933 181908 181931 181932 
1 181909 
3 181910 181922 181920 
1 181911 
1 181912 
3 181913 181914 181926 
3 181915 181927 181936 
1 181916 
3 181917 181918 181928 
3 181919 181930 181935 
1 181923 
1 181924 
1 181925 
1 181929 
3 181937 181954 181949 
1 181938 
3 181940 181945 181951 
3 181941 181955 181950 
3 181943 181952 181947 
1 181944 
1 181946 
5 181948 181953 181957 181956 181958 
3 181959 181972 181982 
3 181961 181987 181986 
3 181963 181988 181984 
1 181964 
1 181965 
5 181968 181973 181974 181979 181980 
3 181970 181978 181985 
1 181975 
1 181977 
1 181981 
1 181983 
3 181989 182010 182006 
3 181990 181998 181993 
3 181991 181995 181997 
1 181992 
1 181994 
5 181996 182019 182014 182015 182016 
3 181999 182002 182001 
1 182004 
1 182007 
3 182008 182013 182018 
3 182011 182012 182017 
3 182020 182119 182426 
5 182022 182220 182238 182241 182249 
5 182023 182207 182248 182202 182204 
3 182024 182195 182242 
3 182025 182145 182256 
3 182026 182027 182028 
1 182029 
3 182030 182089 182338 
3 182031 182083 182396 
5 182032 182115 182356 182107 182108 
3 182033 182137 182344 
1 182034 
3 182035 182061 182060 
5 182036 182045 182141 182043 182059 
1 182037 
5 182038 182050 182143 182047 182052 
7 182039 182074 182099 182070 182075 182100 182103 
3 182040 182053 182136 
3 182041 182057 182049 
5 182042 182054 182111 182110 182121 
3 182044 182058 182056 
1 182048 
1 182055 
3 182062 182067 182068 
3 182065 182071 182069 
1 182066 
1 182072 
3 182076 182082 182084 
3 182077 182078 182102 
3 182079 182080 182086 
3 182081 182088 182104 
1 182085 
1 182087 
3 182090 182092 182093 
1 182091 
3 182094 182096 182101 
1 182095 
1 182097 
1 182098 
3 182105 182140 182138 
1 182109 
3 182113 182120 182126 
3 182114 182122 182129 
1 182116 
3 182117 182144 182123 
5 182124 182131 182125 182132 182139 
3 182127 182128 182130 
3 182133 182134 182135 
1 182146 
1 182147 
1 182149 
3 182150 182157 182166 
1 182151 
3 182152 182153 182154 
3 182155 182156 182168 
3 182158 182159 182160 
1 182161 
3 182162 182164 182165 
1 182163 
1 182169 
3 182170 182172 182176 
3 182171 182173 182218 
3 182174 182193 182208 
1 182175 
1 182182 
3 182185 182187 182194 
3 182186 182188 182192 
1 182189 
1 182190 
1 182191 
1 182197 
3 182198 182199 182205 
1 182200 
3 182201 182203 182206 
3 182210 182211 182213 
1 182212 
3 182215 182217 182219 
1 182216 
1 182222 
3 182223 182230 182244 
3 182224 182265 182278 
3 182225 182250 182297 
5 182226 182260 182281 182257 182267 
3 182227 182282 182288 
5 182228 182231 182323 182239 182325 
3 182229 182328 182295 
3 182232 182233 182240 
3 182234 182235 182246 
3 182236 182237 182247 
1 182243 
1 182245 
3 182251 182261 182266 
3 182252 182262 182255 
1 182253 
1 182254 
1 182259 
1 182263 
1 182264 
3 182268 182270 182290 
1 182269 
3 182271 182273 182276 
1 182272 
3 182274 182277 182285 
1 182280 
3 182283 182286 182287 
3 182284 182289 182291 
3 182292 182333 182332 
3 182294 182327 182326 
3 182296 182298 182299 
1 182300 
3 182301 182312 182329 
3 182302 182303 182304 
1 182305 
3 182307 182310 182311 
1 182309 
3 182313 182314 182315 
3 182316 182317 182319 
1 182318 
3 182320 182322 182324 
1 182321 
1 182330 
1 182331 
3 182334 182395 182409 
3 182335 182407 182410 
3 182336 182370 182367 
3 182337 182411 182404 
3 182339 182355 182420 
3 182340 182421 182430 
1 182341 
5 182342 182353 182345 182350 182363 
1 182343 
3 182346 182347 182364 
3 182348 182349 182351 
1 182352 
3 182354 182361 182362 
3 182357 182359 182366 
3 182358 182360 182365 
3 182368 182400 182387 
1 182369 
3 182371 182384 182391 
5 182372 182378 182390 182383 182386 
3 182373 182374 182375 
3 182376 182380 182385 
5 182377 182381 182388 182382 182399 
1 182379 
1 182389 
1 182392 
3 182393 182394 182397 
1 182398 
1 182401 
3 182402 182413 182412 
1 182406 
3 182414 182433 182415 
3 182416 182438 182424 
1 182417 
1 182418 
3 182419 182439 182422 
3 182427 182440 182436 
3 182428 182437 182431 
1 182432 
1 182434 
1 182435 
5 182441 183217 183469 183455 183544 
5 182442 183289 183375 183304 183299 
9 182443 183290 183371 183223 183276 183258 183259 183372 183374 
5 182444 183306 183373 183334 183394 
3 182445 183227 183335 
3 182446 183320 183349 
3 182447 183307 183344 
3 182448 183310 183356 
5 182449 183322 183341 183342 183364 
5 182450 183314 183343 183317 183316 
3 182451 183252 183357 
3 182452 182765 183933 
5 182453 182678 183934 182677 182679 
3 182454 182763 183922 
3 182455 182764 183924 
3 182456 182725 183926 
5 182457 182724 183943 183948 183952 
3 182458 183113 183457 
3 182459 183221 183463 
5 182460 183204 183633 183117 183130 
3 182461 183201 183476 
9 182462 183216 183537 183118 183146 183145 183147 183543 183586 
5 182463 183154 183483 183484 183486 
5 182464 182487 183781 182486 182691 
3 182465 182853 183825 
5 182466 182852 183827 182867 182864 
3 182467 182846 183838 
3 182468 182843 183829 
5 182469 182844 183828 182868 182847 
5 182470 182879 183804 182869 182876 
3 182471 182886 183809 
3 182472 182889 183818 
5 182473 182890 183814 182884 182885 
11 182474 183189 183493 183459 183498 183503 183496 183514 183522 183524 183526 
5 182475 183193 183478 183477 183479 
3 182476 183194 183499 
5 182477 183198 183497 183121 183171 
3 182478 182711 183899 
3 182479 182706 183916 
3 182480 182749 183902 
5 182481 182746 183913 182739 182741 
9 182482 182760 183907 182729 182730 182733 182734 182738 182753 
3 182483 182597 182704 
7 182484 182589 182703 182635 182612 182615 182622 
1 182485 
1 182488 
5 182489 182661 182737 182647 182650 
3 182490 182726 182727 
1 182491 
3 182492 182812 182815 
1 182493 
1 182494 
1 182495 
3 182496 182573 182814 
3 182497 182757 182498 
3 182499 182572 182785 
5 182500 182599 182769 182686 182720 
3 182501 182586 182561 
3 182502 182582 182583 
3 182503 182519 182552 
3 182504 182505 182512 
5 182507 182509 182508 182510 182511 
3 182513 182578 182553 
3 182514 182517 182518 
1 182516 
1 182522 
3 182525 182538 182539 
1 182526 
5 182528 182531 182581 182532 182580 
1 182529 
3 182533 182534 182536 
3 182540 182543 182548 
3 182541 182544 182545 
1 182542 
3 182546 182556 182570 
3 182547 182557 182559 
3 182549 182558 182560 
1 182550 
3 182554 182555 182569 
3 182562 182565 182567 
3 182563 182585 182584 
3 182564 182566 182571 
1 182568 
3 182574 182575 182577 
1 182587 
5 182588 182668 182645 182654 182664 
3 182590 182593 182632 
1 182591 
3 182592 182595 182596 
1 182594 
7 182598 182611 182669 182602 182629 182663 182666 
3 182600 182601 182644 
3 182603 182605 182657 
3 182604 182607 182630 
3 182606 182608 182610 
1 182609 
3 182613 182614 182621 
3 182619 182641 182667 
3 182620 182642 182646 
1 182624 
3 182625 182626 182628 
1 182627 
1 182631 
1 182633 
3 182634 182639 182659 
3 182636 182637 182640 
1 182638 
1 182643 
1 182648 
1 182651 
1 182652 
1 182653 
1 182658 
3 182660 182662 182665 
5 182670 182672 182671 182673 182674 
1 182675 
1 182676 
3 182680 182682 182683 
1 182681 
3 182684 182713 182762 
3 182685 182688 182756 
1 182687 
3 182689 182693 182697 
3 182690 182732 182750 
3 182692 182736 182759 
3 182694 182696 182767 
1 182695 
3 182698 182699 182751 
3 182700 182761 182768 
1 182701 
3 182702 182716 182745 
1 182705 
1 182707 
3 182708 182709 182710 
3 182712 182723 182721 
3 182714 182715 182748 
3 182717 182718 182719 
1 182722 
3 182728 182731 182735 
1 182740 
1 182742 
1 182743 
3 182744 182747 182752 
3 182754 182755 182758 
1 182766 
7 182770 182787 182892 182786 182805 182806 182797 
3 182771 182827 182840 
3 182772 182823 182848 
3 182773 182821 182849 
3 182774 182790 182874 
1 182775 
1 182776 
1 182777 
3 182778 182781 182783 
3 182779 182794 182800 
3 182780 182795 182796 
3 182782 182793 182802 
3 182784 182792 182788 
3 182789 182791 182807 
3 182798 182799 182801 
1 182803 
1 182804 
3 182808 182809 182828 
1 182810 
1 182811 
5 182813 182816 182822 182820 182825 
1 182817 
3 182818 182819 182826 
1 182824 
1 182829 
3 182830 182831 182836 
5 182832 182833 182834 182835 182838 
1 182837 
1 182839 
1 182841 
5 182842 182845 182862 182850 182854 
3 182851 182861 182866 
3 182855 182857 182858 
3 182856 182859 182860 
1 182863 
1 182865 
4 182870 182877 182882 182891 
3 182871 182872 182873 
1 182875 
3 182878 182880 182888 
1 182881 
3 182883 182887 182893 
3 182894 183049 183112 
3 182895 183012 183292 
9 182896 183001 183270 182994 182996 183007 183000 183002 183003 
3 182897 183285 183286 
3 182898 182917 182916 
3 182899 183023 183253 
5 182900 183021 183247 183029 183026 
3 182901 182932 183249 
5 182902 182999 183267 183269 183271 
3 182903 183110 183131 
3 182904 183125 183126 
3 182905 182998 183256 
3 182906 182988 183265 
3 182907 183056 183168 
5 182908 183048 183169 183119 183195 
3 182909 183057 183182 
3 182910 183040 183181 
3 182911 183041 183177 
3 182912 183038 183155 
5 182913 183087 183157 183163 183170 
3 182914 183089 183133 
3 182915 183082 183123 
3 182918 182946 183015 
5 182919 182959 183006 182955 182958 
3 182920 182953 182992 
3 182921 182935 183032 
7 182923 182972 183011 182971 182980 183004 183005 
5 182924 182925 182926 182983 182982 
3 182927 182987 183008 
1 182928 
1 182929 
3 182930 182933 182949 
3 182931 182950 182940 
1 182934 
3 182936 182945 182947 
3 182938 182939 182944 
3 182941 182951 182952 
1 182942 
1 182948 
3 182954 182961 182956 
1 182957 
1 182962 
3 182963 182966 182969 
3 182964 182989 182976 
3 182965 182967 182970 
3 182968 182986 182978 
3 182973 182974 182975 
3 182977 182984 182985 
1 182979 
1 182981 
1 182991 
1 182993 
1 182995 
1 182997 
1 183009 
1 183010 
3 183013 183030 183022 
3 183014 183019 183031 
3 183016 183017 183018 
1 183020 
3 183024 183025 183027 
1 183028 
3 183033 183107 183105 
1 183034 
3 183035 183064 183054 
3 183036 183101 183088 
1 183037 
1 183039 
1 183042 
3 183043 183047 183052 
3 183044 183045 183046 
3 183050 183085 183111 
3 183051 183077 183080 
3 183053 183063 183059 
3 183055 183058 183061 
1 183060 
3 183062 183066 183083 
3 183065 183081 183086 
4 183067 183068 183069 183098 
3 183071 183072 183073 
1 183075 
3 183078 183093 183095 
1 183079 
3 183090 183102 183104 
1 183092 
1 183094 
1 183096 
3 183097 183099 183100 
3 183103 183106 183108 
1 183109 
3 183114 183124 183213 
3 183115 183122 183203 
1 183116 
3 183120 183179 183197 
5 183127 183128 183129 183142 183144 
1 183132 
3 183134 183135 183137 
1 183136 
1 183138 
3 183139 183149 183151 
3 183140 183141 183143 
1 183148 
1 183150 
1 183152 
1 183153 
1 183156 
1 183158 
1 183159 
3 183160 183161 183162 
3 183164 183165 183180 
3 183166 183176 183178 
3 183167 183172 183175 
1 183173 
1 183174 
5 183183 183185 183186 183188 183190 
3 183184 183187 183191 
1 183192 
1 183196 
1 183199 
1 183200 
3 183202 183215 183208 
1 183205 
3 183206 183207 183212 
3 183209 183214 183218 
3 183210 183211 183220 
1 183219 
3 183222 183273 183297 
3 183224 183262 183294 
3 183225 183243 183318 
3 183226 183233 183319 
1 183228 
1 183229 
3 183230 183231 183232 
1 183234 
1 183235 
1 183236 
3 183237 183238 183240 
3 183239 183241 183244 
3 183242 183245 183254 
1 183246 
3 183248 183250 183251 
5 183255 183284 183264 183282 183283 
1 183257 
3 183260 183288 183287 
1 183261 
1 183263 
3 183266 183268 183272 
3 183274 183278 183280 
1 183275 
1 183277 
1 183279 
1 183281 
3 183291 183300 183302 
1 183293 
3 183295 183296 183298 
1 183301 
1 183303 
1 183305 
3 183308 183309 183321 
3 183311 183315 183323 
1 183312 
1 183313 
3 183324 183415 183699 
7 183325 183384 183652 183376 183379 183709 183708 
5 183326 183560 183622 183587 183614 
5 183327 183386 183690 183692 183694 
5 183328 183447 183670 183660 183676 
3 183329 183585 183597 
3 183330 183398 183681 
5 183331 183396 183680 183390 183404 
3 183332 183582 183649 
3 183333 183509 183640 
3 183336 183337 183338 
3 183339 183358 183448 
3 183340 183359 183425 
5 183345 183350 183352 183351 183353 
1 183346 
1 183347 
1 183348 
1 183354 
3 183355 183361 183363 
1 183360 
3 183362 183366 183367 
1 183365 
3 183368 183369 183378 
1 183370 
3 183377 183380 183383 
1 183381 
1 183382 
3 183385 183402 183395 
3 183387 183389 183399 
3 183388 183392 183403 
1 183391 
1 183393 
3 183397 183401 183406 
3 183400 183417 183405 
3 183407 183408 183409 
1 183410 
3 183411 183412 183414 
1 183413 
1 183416 
3 183418 183451 183450 
3 183419 183452 183449 
3 183420 183421 183438 
3 183422 183437 183445 
1 183423 
5 183424 183435 183431 183432 183436 
3 183426 183440 183441 
1 183427 
3 183428 183429 183433 
3 183430 183434 183444 
3 183439 183446 183442 
1 183443 
1 183453 
1 183454 
3 183456 183564 183538 
3 183458 183485 183501 
3 183460 183491 183505 
3 183461 183494 183492 
1 183462 
3 183464 183465 183474 
1 183466 
3 183467 183471 183472 
3 183468 183473 183470 
1 183475 
3 183480 183489 183490 
3 183481 183487 183500 
1 183482 
1 183488 
1 183495 
3 183502 183506 183513 
3 183504 183536 183510 
7 183507 183508 183511 183512 183521 183523 183525 
3 183515 183517 183520 
1 183516 
3 183518 183529 183534 
3 183519 183530 183531 
1 183527 
1 183528 
3 183532 183533 183535 
3 183539 183548 183547 
3 183540 183562 183553 
1 183541 
3 183542 183545 183546 
3 183549 183552 183554 
5 183550 183551 183565 183566 183583 
3 183555 183557 183563 
3 183556 183558 183559 
3 183561 183567 183575 
3 183568 183570 183571 
1 183569 
3 183572 183573 183574 
3 183576 183580 183584 
3 183577 183578 183579 
1 183581 
3 183588 183613 183631 
3 183589 183590 183602 
1 183591 
3 183592 183608 183609 
1 183593 
5 183594 183598 183595 183599 183600 
1 183596 
3 183601 183612 183606 
1 183603 
3 183604 183625 183620 
3 183605 183607 183629 
3 183610 183611 183651 
1 183615 
3 183616 183617 183648 
1 183618 
3 183619 183628 183632 
1 183621 
3 183623 183626 183627 
3 183624 183645 183639 
3 183630 183637 183636 
1 183634 
1 183635 
1 183638 
3 183641 183642 183644 
1 183643 
3 183646 183647 183650 
1 183653 
3 183654 183721 183724 
3 183655 183700 183733 
3 183656 183667 183666 
3 183657 183758 183750 
5 183658 183668 183762 183744 183746 
1 183659 
3 183661 183678 183672 
3 183662 183664 183679 
1 183663 
1 183665 
1 183669 
1 183671 
3 183673 183674 183675 
1 183677 
3 183682 183686 183687 
3 183683 183684 183685 
3 183688 183693 183707 
3 183689 183705 183703 
1 183691 
3 183695 183696 183697 
3 183698 183701 183702 
1 183704 
1 183706 
5 183710 183717 183725 183734 183735 
1 183711 
5 183712 183736 183723 183741 183740 
3 183713 183729 183732 
3 183714 183719 183726 
3 183715 183720 183722 
1 183716 
1 183718 
3 183727 183737 183742 
1 183728 
1 183730 
3 183731 183738 183739 
3 183743 183747 183765 
3 183745 183749 183756 
1 183748 
3 183751 183754 183755 
1 183752 
1 183753 
3 183757 183759 183760 
1 183761 
1 183763 
1 183764 
1 183766 
5 183767 183981 184063 183974 184006 
5 183768 183861 184132 184094 184106 
3 183769 183857 184131 
3 183770 183839 184137 
3 183771 183879 184108 
7 183772 183875 184159 184109 184129 184160 184150 
3 183773 183887 184156 
3 183774 183886 184123 
3 183775 184041 183778 
5 183776 183992 184055 184053 184064 
5 183777 183976 183779 183975 183784 
3 183780 183970 184054 
3 183782 183963 184010 
3 183783 183942 184066 
3 183785 183987 184076 
3 183786 183985 184077 
3 183787 183802 183873 
3 183788 183800 183876 
3 183789 183813 183877 
3 183790 183810 183874 
3 183791 183812 183872 
3 183792 183819 183871 
7 183793 183820 183869 183865 183867 183866 183868 
3 183794 183822 183851 
3 183795 183801 183890 
3 183796 183824 183860 
3 183797 183832 183842 
3 183798 183799 183811 
1 183803 
3 183805 183808 183816 
3 183806 183807 183815 
1 183817 
3 183821 183823 183837 
3 183826 183833 183835 
1 183830 
1 183831 
1 183834 
1 183836 
1 183840 
3 183841 183843 183847 
3 183844 183845 183849 
1 183846 
3 183848 183853 183855 
3 183850 183852 183856 
1 183854 
1 183858 
1 183859 
1 183862 
1 183863 
1 183864 
3 183870 183885 183882 
1 183878 
3 183880 183892 183889 
1 183881 
3 183883 183888 183894 
1 183884 
1 183891 
1 183893 
3 183895 183927 183944 
3 183896 183980 184002 
3 183897 183912 184005 
1 183898 
3 183900 183903 183904 
3 183901 183905 183908 
1 183906 
3 183909 183910 183911 
1 183914 
3 183915 183918 183917 
3 183919 183920 183930 
3 183921 183928 183931 
1 183923 
3 183925 183929 183932 
5 183935 183936 183937 183938 183939 
1 183940 
1 183941 
3 183945 183950 183949 
3 183946 183953 183961 
1 183947 
3 183951 183954 183964 
3 183955 183956 183958 
5 183957 183960 183965 183966 183967 
1 183959 
1 183962 
1 183968 
1 183969 
3 183971 183979 184003 
7 183972 183982 183973 183989 183983 183990 183999 
3 183977 183988 183993 
1 183978 
3 183984 183994 183996 
1 183986 
1 183991 
1 183995 
1 183997 
1 183998 
3 184000 184001 184007 
1 184004 
3 184008 184093 184090 
3 184009 184040 184092 
1 184011 
5 184012 184045 184017 184024 184091 
5 184013 184048 184030 184031 184049 
3 184014 184051 184061 
1 184015 
5 184016 184022 184025 184046 184047 
3 184018 184021 184023 
3 184019 184020 184086 
3 184026 184027 184028 
1 184029 
7 184032 184033 184034 184035 184038 184043 184044 
3 184036 184085 184068 
1 184037 
1 184039 
1 184042 
1 184050 
3 184052 184062 184089 
1 184056 
1 184057 
5 184058 184081 184065 184067 184080 
3 184059 184083 184082 
1 184060 
3 184069 184087 184088 
3 184070 184071 184072 
3 184073 184074 184084 
3 184075 184078 184079 
3 184095 184096 184133 
1 184097 
5 184098 184104 184126 184140 184135 
3 184099 184100 184101 
3 184102 184105 184127 
3 184103 184113 184158 
3 184107 184112 184163 
1 184110 
1 184111 
1 184114 
3 184115 184116 184117 
1 184118 
1 184119 
1 184120 
1 184121 
1 184122 
3 184124 184138 184153 
1 184125 
1 184128 
1 184130 
3 184134 184139 184136 
3 184141 184142 184143 
3 184144 184147 184162 
3 184145 184146 184161 
1 184148 
3 184149 184151 184152 
1 184154 
1 184155 
1 184157 
1 184164 
1 184165 
3 184166 184978 185122 
3 184167 184998 185145 
3 184168 184987 185144 
7 184169 185009 185054 185018 185014 185068 185071 
5 184170 184928 185123 184927 184934 
7 184171 185003 185107 185111 185114 185113 185115 
11 184172 184434 185546 184422 184425 185517 185597 185544 185545 185572 185579 
3 184173 184430 185549 
3 184174 184433 185555 
3 184175 184200 185547 
3 184176 184850 185166 
3 184177 184847 185223 
3 184178 184831 185178 
5 184179 184842 185193 184840 184846 
5 184180 184848 185194 184844 184845 
7 184181 184837 185221 184892 184867 184873 184879 
3 184182 184895 185205 
3 184183 184899 185167 
3 184184 184806 185215 
3 184185 184592 185047 
3 184186 184979 185142 
7 184187 184414 185509 184412 184413 185514 185515 
3 184188 184448 185629 
3 184189 184447 185521 
5 184190 184442 185531 184348 184365 
3 184191 184537 185508 
3 184192 184535 185465 
3 184193 184557 185487 
3 184194 184576 185428 
3 184195 184559 185423 
3 184196 184487 185494 
5 184197 184564 185752 185751 185753 
5 184198 184500 185504 184499 184501 
3 184199 184385 184407 
3 184201 184320 184396 
3 184202 184323 184356 
1 184203 
3 184204 184239 184512 
1 184205 
5 184206 184237 184524 184233 184236 
7 184207 184234 184514 184218 184226 184228 184231 
3 184208 184251 184494 
3 184209 184254 184490 
3 184210 184334 184377 
3 184211 184332 184372 
3 184217 184222 184224 
3 184220 184221 184223 
1 184225 
1 184227 
3 184229 184242 184244 
1 184230 
1 184232 
3 184235 184241 184243 
1 184240 
3 184245 184247 184248 
3 184253 184255 184256 
3 184257 184258 184259 
3 184260 184340 184324 
3 184261 184325 184295 
1 184262 
1 184263 
3 184264 184265 184312 
1 184266 
3 184267 184269 184274 
1 184268 
3 184270 184337 184271 
1 184272 
1 184273 
3 184276 184331 184333 
3 184277 184278 184279 
1 184280 
1 184281 
5 184282 184284 184283 184285 184315 
5 184287 184289 184288 184290 184291 
1 184292 
3 184293 184296 184299 
1 184294 
3 184297 184302 184319 
3 184298 184303 184304 
3 184300 184301 184318 
3 184305 184308 184309 
1 184306 
3 184307 184310 184314 
3 184311 184313 184316 
1 184321 
1 184322 
1 184326 
1 184327 
3 184329 184330 184335 
1 184338 
1 184339 
3 184341 184404 184419 
3 184342 184397 184424 
3 184343 184345 184344 
3 184346 184347 184350 
7 184349 184362 184444 184358 184359 184454 184456 
5 184351 184405 184420 184411 184427 
3 184352 184364 184353 
1 184354 
1 184355 
1 184357 
1 184360 
1 184361 
3 184363 184368 184369 
3 184366 184370 184371 
1 184367 
1 184373 
3 184374 184375 184384 
3 184376 184382 184400 
3 184378 184386 184398 
3 184379 184408 184406 
3 184380 184381 184395 
3 184383 184392 184401 
3 184387 184388 184399 
1 184389 
3 184390 184391 184393 
1 184394 
1 184402 
1 184403 
1 184409 
3 184410 184416 184428 
1 184415 
1 184417 
1 184418 
3 184421 184432 184431 
3 184423 184426 184429 
3 184435 184436 184437 
1 184438 
3 184439 184459 184450 
5 184440 184460 184451 184452 184461 
1 184441 
3 184443 184453 184455 
1 184445 
3 184446 184458 184449 
1 184457 
1 184462 
1 184463 
1 184464 
3 184465 184525 184539 
3 184466 184516 184540 
3 184467 184518 184538 
3 184468 184469 184472 
3 184470 184491 184571 
3 184471 184484 184562 
3 184473 184485 184558 
7 184474 184502 184565 184495 184496 184566 184567 
3 184475 184498 184563 
5 184476 184503 184573 184574 184575 
3 184478 184489 184492 
1 184479 
3 184480 184483 184504 
1 184481 
1 184482 
1 184486 
1 184488 
1 184493 
1 184497 
3 184505 184509 184529 
1 184506 
3 184507 184531 184528 
1 184508 
3 184510 184517 184521 
3 184511 184515 184530 
3 184513 184520 184522 
3 184519 184526 184527 
1 184523 
3 184532 184534 184555 
1 184533 
3 184536 184544 184543 
1 184541 
1 184542 
3 184545 184550 184552 
5 184546 184548 184547 184554 184549 
3 184551 184553 184556 
1 184560 
1 184561 
3 184568 184569 184570 
1 184572 
3 184577 184728 184911 
3 184578 184931 184910 
3 184579 184727 184939 
3 184580 184717 184726 
3 184581 184814 184807 
3 184582 184762 184761 
3 184583 184745 184820 
5 184584 184759 184863 184758 184883 
3 184585 184760 184821 
3 184586 184755 184813 
5 184588 184679 184948 184902 184983 
1 184589 
3 184591 184716 184908 
3 184593 184866 184868 
5 184594 184730 184737 184932 184733 
3 184595 184695 184962 
3 184596 184650 184691 
3 184597 184665 184694 
3 184598 184669 184697 
3 184599 184655 184693 
3 184600 184666 184607 
3 184601 184648 184729 
3 184602 184651 184674 
3 184603 184649 184710 
5 184604 184629 184725 184621 184626 
3 184605 184641 184723 
3 184606 184642 184724 
5 184608 184631 184734 184713 184742 
3 184610 184636 184637 
3 184611 184612 184615 
1 184613 
1 184614 
1 184616 
1 184622 
3 184624 184634 184635 
3 184625 184627 184633 
1 184628 
3 184630 184639 184640 
3 184638 184643 184644 
3 184645 184646 184647 
3 184652 184660 184671 
3 184653 184659 184662 
3 184654 184658 184673 
3 184656 184663 184670 
1 184657 
3 184661 184672 184668 
1 184664 
1 184667 
7 184675 184680 184700 184676 184689 184692 184699 
1 184677 
3 184678 184681 184682 
5 184683 184684 184685 184686 184701 
1 184687 
1 184688 
1 184690 
1 184696 
1 184698 
3 184702 184740 184735 
5 184703 184711 184712 184738 184714 
5 184704 184705 184706 184707 184709 
1 184708 
3 184715 184731 184732 
3 184719 184720 184721 
3 184736 184739 184741 
3 184743 184763 184749 
3 184744 184756 184757 
3 184748 184793 184789 
1 184750 
5 184751 184766 184785 184765 184794 
1 184753 
3 184754 184786 184788 
1 184764 
3 184769 184770 184771 
1 184772 
3 184775 184783 184797 
3 184777 184802 184778 
1 184779 
1 184780 
3 184782 184800 184799 
1 184784 
1 184787 
1 184790 
1 184791 
1 184792 
1 184795 
1 184796 
1 184798 
1 184801 
1 184808 
3 184809 184815 184811 
1 184810 
1 184812 
5 184816 184817 184818 184819 184822 
1 184823 
3 184824 184893 184876 
3 184825 184826 184827 
3 184828 184830 184839 
1 184829 
3 184832 184885 184884 
3 184833 184887 184886 
3 184834 184841 184843 
3 184835 184889 184882 
3 184836 184891 184890 
1 184838 
3 184849 184853 184854 
1 184851 
3 184852 184872 184888 
1 184855 
3 184856 184860 184862 
1 184857 
1 184858 
3 184859 184871 184894 
1 184861 
1 184865 
3 184869 184870 184878 
1 184874 
1 184875 
1 184877 
1 184880 
1 184881 
1 184896 
1 184897 
1 184898 
1 184900 
3 184901 184943 185012 
3 184903 184946 184984 
3 184904 184926 185011 
3 184905 184955 184974 
3 184906 184953 184977 
3 184907 184968 184991 
1 184909 
3 184912 184913 184925 
3 184914 184915 184916 
3 184917 184923 184935 
3 184918 184919 184930 
1 184920 
3 184921 184942 184944 
3 184922 184937 184936 
1 184924 
1 184929 
1 184933 
3 184938 184940 184941 
5 184945 184949 184951 184969 184971 
3 184947 184954 184957 
3 184950 184952 184961 
3 184956 184967 184963 
1 184958 
3 184959 184970 184972 
1 184960 
1 184964 
1 184965 
1 184966 
1 184973 
1 184975 
3 184976 184986 184985 
1 184980 
3 184981 184982 184999 
3 184988 184989 184990 
3 184992 184994 184996 
3 184993 184995 184997 
1 185000 
3 185001 185030 185019 
3 185002 185026 185029 
3 185004 185028 185025 
5 185006 185010 185027 185020 185023 
3 185007 185008 185022 
1 185013 
1 185016 
1 185017 
1 185024 
1 185031 
7 185032 185233 185252 185190 185232 185253 185254 
3 185033 185228 185250 
3 185034 185173 185272 
1 185035 
3 185036 185086 185374 
3 185037 185087 185402 
5 185038 185085 185403 185378 185381 
3 185039 185092 185404 
3 185040 185077 185405 
3 185041 185408 185042 
3 185043 185385 185052 
3 185044 185110 185334 
3 185045 185124 185318 
3 185046 185112 185320 
3 185048 185160 185295 
7 185049 185050 185051 185174 185184 185185 185212 
1 185053 
3 185055 185058 185060 
5 185056 185057 185139 185061 185143 
5 185059 185064 185074 185095 185118 
5 185062 185063 185073 185076 185078 
3 185065 185067 185140 
1 185066 
3 185069 185132 185131 
3 185070 185133 185125 
3 185072 185075 185081 
3 185079 185137 185136 
3 185080 185138 185091 
3 185082 185090 185093 
1 185083 
1 185084 
1 185088 
1 185089 
3 185094 185120 185121 
1 185096 
1 185097 
3 185098 185102 185106 
3 185099 185100 185101 
3 185103 185104 185105 
1 185108 
3 185109 185116 185119 
1 185117 
1 185126 
1 185127 
1 185128 
1 185129 
1 185130 
1 185134 
1 185135 
1 185141 
3 185146 185149 185164 
3 185147 185150 185165 
3 185148 185153 185155 
3 185151 185175 185200 
1 185152 
1 185154 
1 185156 
1 185157 
1 185158 
1 185159 
5 185161 185202 185222 185208 185211 
1 185162 
1 185163 
1 185168 
1 185169 
3 185170 185172 185189 
1 185171 
3 185176 185179 185180 
1 185177 
3 185181 185182 185192 
5 185183 185201 185210 185188 185207 
1 185186 
1 185187 
3 185191 185224 185231 
3 185195 185196 185197 
3 185198 185225 185226 
3 185199 185227 185229 
1 185203 
1 185204 
1 185206 
1 185209 
1 185213 
5 185214 185217 185216 185218 185219 
1 185220 
1 185230 
7 185234 185256 185302 185266 185268 185303 185307 
3 185235 185289 185315 
1 185236 
3 185237 185239 185312 
1 185238 
3 185240 185274 185282 
3 185241 185276 185305 
3 185242 185291 185306 
1 185243 
5 185244 185245 185246 185247 185316 
1 185248 
1 185249 
3 185251 185269 185281 
7 185255 185261 185258 185263 185296 185280 185314 
3 185257 185264 185304 
5 185259 185271 185260 185262 185310 
3 185265 185267 185309 
1 185270 
3 185273 185298 185313 
1 185275 
3 185277 185293 185292 
1 185278 
3 185279 185287 185297 
1 185283 
3 185284 185285 185286 
1 185288 
1 185290 
1 185294 
3 185299 185301 185308 
1 185300 
1 185311 
3 185317 185376 185384 
1 185319 
3 185321 185323 185325 
1 185322 
1 185324 
5 185326 185329 185333 185357 185335 
5 185327 185328 185332 185356 185336 
1 185330 
1 185331 
5 185337 185338 185367 185368 185371 
3 185339 185355 185345 
3 185340 185396 185394 
3 185341 185360 185406 
3 185342 185366 185407 
3 185343 185344 185346 
3 185347 185398 185397 
3 185348 185399 185392 
1 185349 
3 185350 185386 185377 
1 185351 
1 185352 
3 185353 185354 185359 
3 185358 185373 185401 
5 185361 185363 185362 185364 185365 
1 185369 
3 185370 185372 185375 
3 185379 185387 185395 
3 185380 185382 185383 
3 185388 185389 185390 
1 185391 
1 185393 
1 185400 
3 185409 185543 185706 
3 185410 185626 185676 
5 185411 185488 185721 185741 185726 
3 185412 185462 185723 
3 185413 185460 185791 
5 185414 185461 185746 185425 185450 
5 185415 185484 185778 185426 185470 
3 185416 185485 185789 
5 185417 185482 185738 185739 185762 
3 185418 185501 185735 
5 185419 185495 185755 185757 185758 
3 185420 185506 185781 
3 185421 185437 185507 
3 185422 185431 185503 
3 185424 185430 185432 
3 185427 185471 185472 
3 185429 185489 185500 
3 185433 185434 185436 
3 185435 185440 185441 
3 185438 185439 185443 
3 185442 185444 185445 
1 185446 
5 185447 185449 185448 185458 185459 
1 185451 
3 185452 185453 185454 
5 185455 185456 185457 185469 185483 
1 185463 
1 185464 
1 185466 
1 185467 
3 185468 185486 185502 
1 185473 
1 185474 
3 185475 185479 185480 
3 185476 185477 185478 
1 185481 
3 185490 185491 185492 
1 185493 
1 185496 
3 185497 185498 185499 
1 185505 
7 185510 185529 185621 185518 185528 185533 185532 
3 185511 185520 185519 
3 185512 185530 185620 
3 185513 185524 185630 
3 185516 185570 185580 
3 185522 185536 185535 
3 185523 185525 185534 
1 185526 
1 185527 
1 185537 
1 185538 
5 185539 185551 185541 185552 185553 
3 185540 185550 185554 
3 185542 185561 185560 
1 185548 
1 185556 
1 185557 
1 185558 
1 185559 
5 185562 185563 185598 185567 185571 
1 185564 
5 185565 185569 185595 185574 185575 
1 185566 
1 185568 
3 185573 185578 185586 
3 185576 185581 185592 
1 185577 
3 185582 185583 185584 
1 185585 
3 185587 185593 185596 
5 185588 185589 185590 185591 185594 
1 185599 
3 185600 185604 185609 
3 185601 185607 185605 
1 185602 
3 185603 185619 185625 
3 185606 185610 185616 
3 185608 185623 185624 
1 185611 
3 185612 185622 185628 
3 185613 185614 185632 
1 185615 
3 185617 185618 185633 
1 185627 
1 185631 
3 185634 185636 185702 
3 185635 185638 185643 
1 185637 
1 185639 
5 185640 185654 185669 185655 185677 
5 185641 185647 185693 185700 185703 
3 185642 185649 185651 
5 185644 185645 185653 185656 185684 
5 185646 185668 185674 185689 185692 
5 185648 185658 185681 185659 185709 
1 185650 
1 185652 
3 185657 185661 185662 
1 185660 
3 185663 185664 185665 
3 185666 185667 185672 
1 185670 
1 185671 
1 185673 
1 185675 
3 185678 185688 185691 
1 185679 
3 185680 185687 185698 
3 185682 185685 185695 
5 185683 185686 185697 185701 185704 
3 185690 185705 185708 
1 185694 
1 185696 
1 185699 
1 185707 
1 185710 
3 185711 185712 185772 
5 185713 185773 185792 185725 185734 
5 185714 185715 185716 185717 185774 
5 185718 185775 185793 185784 185798 
3 185719 185748 185787 
3 185720 185733 185795 
1 185722 
3 185724 185727 185730 
5 185728 185731 185794 185796 185800 
1 185729 
1 185732 
3 185736 185740 185760 
1 185737 
1 185742 
3 185743 185788 185790 
1 185744 
1 185745 
3 185747 185750 185776 
1 185749 
3 185754 185759 185761 
1 185756 
5 185763 185765 185764 185766 185767 
1 185768 
1 185769 
3 185770 185782 185797 
1 185771 
1 185777 
3 185779 185785 185786 
1 185780 
1 185783 
1 185799 
