1374
3 188643 186076 186556 
5 188644 186536 186537 186538 186539 
3 188645 185803 186546 
4 188646 186058 186552 186553 
3 188647 186072 186544 
4 188649 186061 186062 186558 
3 188651 186128 186701 
3 188652 186093 186670 
3 188653 186102 186693 
5 188654 186669 186671 186703 186704 
3 188656 186665 186668 
4 188658 186134 186666 186667 
3 188659 186182 186183 
3 188660 186156 186694 
3 188661 186088 186879 
3 188663 186657 186658 
2 188665 186104 
5 188666 186532 186533 186534 186535 
3 188667 186266 187122 
3 188668 186261 187082 
3 188669 186262 187071 
3 188670 185806 187107 
3 188671 187078 187162 
5 188672 187112 187113 187114 187115 
5 188673 186295 186296 187165 187166 
3 188674 186301 187181 
3 188675 186304 187232 
5 188676 187213 187218 187220 187252 
3 188677 186284 187243 
3 188679 186290 187216 
3 188682 186294 187222 
5 188684 185808 185809 185810 185811 
5 188685 185812 185813 185814 185815 
2 188686 188207 
3 188687 187264 188209 
5 188688 187277 187278 187279 187280 
5 188689 185816 187284 187285 188188 
3 188690 187288 188181 
3 188691 187289 188184 
3 188692 187294 188208 
3 188693 187295 188191 
2 188694 187390 
4 188696 187406 187432 187433 
5 188698 187386 187387 187388 187389 
3 188699 187429 188216 
2 188700 188218 
2 188702 187385 
5 188703 187361 187362 187534 188245 
2 188704 187391 
2 188705 187397 
4 188707 187410 187411 188242 
2 188709 187421 
3 188710 187424 188233 
5 188711 187255 187256 187257 187258 
4 188712 187830 188370 188371 
4 188713 187804 188378 188379 
3 188715 187795 187800 
5 188717 187825 187826 187827 187828 
3 188719 187792 187793 
4 188721 187916 187931 188427 
3 188722 185819 187952 
5 188723 187940 187941 187942 187943 
4 188724 187960 187961 188398 
3 188725 187930 188417 
5 188726 185901 185902 185903 186015 
4 188727 185851 185852 186073 
3 188729 185907 186187 
3 188731 185951 186178 
4 188732 185913 186140 186172 
3 188733 185916 186158 
2 188734 185940 
4 188735 186202 186386 186432 
2 188736 186409 
3 188737 186200 186420 
3 188738 186213 186435 
3 188739 186236 186397 
3 188740 186223 186414 
3 188741 186226 186428 
3 188743 186322 186484 
3 188745 186336 186456 
3 188747 186313 186316 
4 188749 186329 186330 186470 
3 188750 186350 186453 
3 188751 186309 186459 
4 188752 186312 186471 186472 
4 188753 186314 186475 186476 
4 188755 186315 186478 186479 
5 188757 186333 186334 186335 186461 
3 188758 186338 186509 
2 188759 185829 
4 188760 185841 185842 185864 
3 188761 185906 186014 
3 188763 185868 185869 
5 188764 185927 185928 185929 185959 
5 188765 185943 185985 185986 185987 
4 188766 185946 185994 185995 
3 188768 185820 185876 
4 188769 185837 185838 185839 
2 188770 185853 
3 188772 185860 185861 
2 188773 185862 
2 188774 185825 
3 188776 185833 185834 
2 188780 185859 
3 188783 185830 185831 
2 188789 185828 
2 188798 185826 
3 188806 185821 185822 
3 188812 185823 185824 
2 188817 185832 
2 188822 185827 
3 188828 185835 185836 
2 188851 185843 
2 188856 185844 
2 188864 185848 
3 188869 185849 185850 
2 188875 185840 
2 188880 185845 
2 188884 185854 
3 188890 185846 185847 
3 188894 185855 185856 
3 188902 185857 185858 
3 188906 185891 185892 
3 188913 185872 185873 
3 188919 185895 185896 
3 188923 185874 185875 
3 188929 185865 185897 
3 188941 185863 185904 
5 188945 185880 185898 185899 185900 
3 188954 185866 185867 
3 188960 185879 185882 
4 188966 185884 185893 185894 
5 188968 185885 185886 185887 185888 
2 188973 185877 
3 188978 185878 185883 
2 188982 185881 
3 188986 185870 185871 
3 188989 185889 185890 
3 188991 185923 185924 
3 188992 185925 185926 
3 188996 185944 185945 
3 188997 185910 185911 
3 188998 185917 185918 
2 189000 185950 
2 189005 185952 
2 189010 185949 
2 189017 185912 
3 189023 185914 185915 
3 189034 185908 185909 
3 189046 185921 185922 
3 189056 185905 185953 
3 189065 185919 185920 
4 189071 185937 185938 185939 
3 189080 185935 185936 
5 189085 185930 185931 185932 185933 
3 189088 185947 185948 
3 189094 185941 185942 
2 189101 185934 
3 189103 185963 185964 
4 189106 185973 185974 185975 
3 189107 185996 185997 
3 189108 185984 185988 
3 189109 185954 185955 
3 189111 185956 185957 
2 189114 185962 
3 189115 185966 185967 
2 189120 185976 
3 189132 185958 185965 
3 189136 185989 185993 
2 189141 186004 
2 189145 186012 
3 189157 185981 185982 
3 189161 186010 186011 
3 189170 185968 186013 
3 189178 185970 185972 
3 189187 185983 186003 
3 189191 185977 189201 
2 189209 186005 
3 189210 185960 185961 
4 189216 185978 185979 185980 
3 189219 186006 186007 
3 189224 186008 186009 
2 189231 185969 
4 189235 185990 185991 185992 
2 189244 185971 
3 189253 185998 185999 
4 189259 186000 186001 186002 
2 189271 186027 
6 189272 186101 186117 186118 186168 186169 
5 189273 186087 186091 186160 186161 
3 189274 186133 186179 
2 189276 186138 
4 189278 186105 186106 186141 
3 189279 186112 186152 
3 189280 186130 186177 
3 189281 186098 186145 
4 189282 186033 186034 186054 
3 189283 186032 186082 
3 189292 186041 186042 
3 189296 186028 186029 
2 189298 186036 
3 189301 186037 186038 
3 189305 186026 186031 
3 189309 186017 186018 
2 189313 186019 
3 189316 186020 186021 
3 189321 186022 186023 
3 189327 186024 186025 
2 189330 186030 
3 189340 186035 186039 
3 189345 186040 186043 
3 189350 186016 186044 
4 189360 186049 186050 186051 
3 189362 186065 186066 
3 189370 186067 186068 
3 189381 186052 186053 
3 189388 186055 186059 
3 189394 186077 186078 
4 189405 186079 186080 186081 
3 189407 186074 186075 
4 189413 186063 186069 186070 
3 189427 186046 186047 
2 189432 186060 
3 189433 185804 186071 
3 189440 186045 186048 
3 189447 186056 186057 
2 189450 186064 
3 189452 186119 186121 
4 189453 186125 186126 186127 
2 189454 186129 
3 189455 186083 186139 
3 189456 186094 186095 
3 189457 186108 186109 
3 189458 186096 186097 
3 189459 186113 186114 
3 189485 186131 186132 
3 189488 186122 186123 
3 189489 186086 186092 
3 189502 186115 186116 
3 189519 185805 186120 
3 189523 186103 186107 
2 189529 186135 
3 189543 186099 186100 
2 189550 186124 
3 189566 186084 186085 
3 189570 186136 186137 
3 189571 186110 186111 
3 189579 186089 186090 
3 189593 186153 186154 
3 189594 186170 186171 
4 189595 186146 186151 186159 
3 189596 186142 186143 
5 189597 186163 186164 186165 186166 
3 189598 186155 186157 
3 189599 186149 186150 
3 189623 186185 186186 
3 189634 186144 186180 
3 189636 186181 186184 
3 189645 186173 186174 
3 189660 186147 186148 
3 189684 186175 186176 
3 189703 186162 186167 
4 189705 186198 186199 186258 
3 189706 186203 186272 
4 189707 186206 186207 186242 
3 189709 186234 186235 
4 189711 186224 186225 186257 
3 189713 186229 186265 
3 189714 186297 186327 
3 189716 186300 186324 
5 189717 186273 186305 186306 186328 
3 189718 186276 186343 
3 189720 186279 186311 
4 189722 186289 186325 186326 
3 189723 186189 186259 
4 189724 186195 186196 186260 
3 189725 186197 186240 
4 189726 186210 186211 186212 
3 189727 186216 186217 
3 189728 186227 186228 
3 189734 186188 186233 
3 189741 186190 186191 
4 189753 186230 186231 186232 
3 189762 186192 186193 
2 189765 186194 
3 189787 186208 186209 
3 189797 186214 186215 
3 189805 186218 186219 
4 189811 186220 186221 186222 
3 189830 186204 186205 
2 189832 186201 
2 189838 186254 
3 189843 186255 186256 
2 189853 186244 
3 189857 186243 186250 
3 189866 186267 186268 
3 189868 186237 186238 
3 189880 186270 186271 
2 189886 185807 
2 189892 186241 
4 189901 186245 186246 186247 
3 189908 186248 186249 
3 189913 186263 186264 
4 189919 186251 186252 186253 
3 189925 186239 186269 
3 189939 186285 186286 
3 189944 186287 186288 
3 189957 186291 186292 
2 189962 186293 
3 189980 186274 186275 
3 189984 186298 186299 
3 189989 186277 186278 
2 190000 186280 
3 190006 186302 186303 
4 190010 186281 186282 186283 
5 190014 186310 186342 186351 186352 
3 190015 186347 186348 
2 190016 186349 
3 190017 186339 186340 
2 190025 186346 
3 190036 186320 186321 
3 190049 186323 186341 
3 190062 186317 186318 
2 190067 186319 
3 190075 186344 186345 
3 190081 186307 186308 
2 190088 186337 
3 190100 186331 186332 
3 190123 186360 186396 
2 190124 186516 
4 190125 186365 186422 186423 
3 190126 186473 186531 
3 190128 186366 186436 
3 190130 186443 186502 
3 190131 186368 186392 
3 190133 186374 186405 
3 190135 186379 186387 
3 190136 186378 186416 
3 190138 186451 186524 
5 190140 186353 186424 186425 186437 
4 190141 186384 186385 186434 
3 190142 186493 186494 
3 190143 186383 186431 
3 190144 186460 186529 
3 190153 186356 186357 
2 190159 186367 
4 190173 186369 186370 186371 
3 190179 186372 190180 
3 190186 186373 186377 
3 190190 186358 186359 
3 190197 186375 186376 
3 190207 186380 186381 
2 190212 186382 
5 190226 186361 186362 186363 186364 
3 190234 186354 186355 
3 190239 186413 186418 
2 190240 186415 
4 190241 186400 186402 186406 
3 190242 186401 186410 
3 190249 186419 186421 
3 190262 186390 186395 
4 190273 186411 186412 186417 
3 190282 186391 186394 
5 190283 186403 186404 186407 186408 
3 190293 186388 186389 
4 190309 186393 186398 186399 
3 190318 186429 186430 
2 190326 186433 
3 190343 186426 186427 
3 190347 186438 186483 
2 190348 186462 
3 190355 186446 186452 
3 190359 186445 186477 
3 190367 186454 186455 
3 190371 186441 186442 
4 190380 186444 186480 186485 
3 190384 186469 186474 
5 190386 186439 186440 186481 186482 
3 190395 186457 186458 
3 190404 186465 186466 
3 190421 186463 186464 
3 190427 186447 186448 
3 190435 186449 186450 
3 190452 186467 186468 
3 190453 186490 186491 
3 190454 186517 186520 
2 190455 186521 
4 190456 186513 186514 186515 
2 190457 186501 
3 190460 186492 186503 
3 190470 186505 186506 
3 190478 186504 186530 
3 190503 186511 186512 
3 190508 186496 186497 
3 190520 186507 186508 
3 190526 186518 186519 
3 190530 186525 186526 
3 190535 186527 186528 
3 190541 186522 186523 
3 190544 186486 186487 
3 190549 186488 186489 
3 190554 186495 186500 
2 190561 186510 
3 190569 186498 186499 
3 190571 186580 186739 
5 190572 186898 186899 186900 187144 
3 190574 186731 186732 
6 190576 186585 186586 186716 186750 186767 
3 190577 186923 187157 
3 190578 186887 187148 
3 190579 186921 187130 
3 190580 186933 187158 
3 190581 186592 186735 
5 190582 186893 186894 187132 187140 
3 190584 186854 186855 
3 190587 186601 186749 
3 190589 186916 187139 
4 190590 186557 186602 186754 
3 190591 186576 186715 
3 190592 186608 186864 
2 190593 187133 
4 190594 186897 186963 187134 
3 190595 187047 187203 
3 190596 186648 186865 
3 190597 187045 187167 
5 190598 187042 187058 187059 187069 
3 190599 187062 187163 
3 190600 187033 187202 
4 190601 186638 186849 186856 
4 190602 187022 187184 187185 
3 190603 186606 186751 
3 190604 187014 187208 
2 190605 187030 
3 190606 187036 187182 
3 190607 187049 187196 
2 190608 186641 
3 190609 186551 186583 
3 190610 186634 186684 
3 190611 186633 186664 
3 190612 186575 186605 
3 190613 186555 186593 
3 190614 186559 186579 
3 190615 186655 186692 
3 190616 186612 186613 
3 190617 186540 186600 
2 190619 186631 
3 190620 186637 186689 
3 190621 186607 186678 
2 190622 186545 
3 190641 186560 186561 
2 190644 186562 
3 190648 186569 186570 
3 190656 186549 186571 
3 190660 186565 186566 
3 190666 186550 186554 
3 190672 186567 186568 
3 190678 186547 186548 
2 190682 186572 
3 190685 186573 186574 
3 190693 186563 186564 
3 190697 186541 186584 
3 190702 186542 186543 
3 190717 186581 186582 
3 190730 186577 186578 
2 190738 186591 
4 190746 186588 186589 186590 
3 190750 186594 186748 
3 190759 186603 186604 
3 190762 186595 186596 
3 190767 186597 186598 
3 190774 186587 186599 
3 190784 186610 186611 
3 190785 186620 186621 
4 190786 186628 186629 186630 
3 190787 186639 186640 
3 190788 186635 186636 
3 190789 186642 186656 
3 190790 186623 186624 
2 190801 186625 
2 190809 186609 
3 190815 186626 186627 
3 190823 186615 186616 
3 190836 186650 186651 
3 190842 186622 186859 
3 190846 186649 186652 
3 190854 186614 186617 
2 190864 186645 
3 190870 186618 186619 
3 190893 186646 186647 
3 190897 186653 186654 
3 190905 186643 186644 
3 190910 186708 186709 
3 190911 186682 186683 
3 190914 186662 186663 
4 190915 186695 186696 186697 
3 190916 186711 186712 
3 190919 186660 186661 
3 190923 186659 186710 
2 190927 186677 
3 190938 186688 186690 
3 190944 186691 186702 
2 190945 186672 
2 190951 186700 
4 190962 186685 186686 186687 
2 190969 186707 
2 190982 186706 
2 190984 186705 
2 190994 186698 
3 191002 186632 186679 
3 191013 186680 186681 
3 191019 186673 186674 
3 191044 186675 186676 
2 191045 186699 
3 191050 186747 186763 
5 191052 186723 186724 186727 186760 
3 191055 186817 186818 
3 191057 186805 186846 
4 191059 186765 186766 186769 
2 191060 186798 
4 191061 186783 186784 186785 
2 191062 186863 
4 191064 186824 186871 186872 
3 191065 186717 186778 
7 191066 186788 186789 186825 186827 186834 186835 
3 191075 186745 186746 
5 191078 186722 186725 186726 186744 
3 191081 186740 186755 
5 191089 186718 186719 186720 186721 
3 191093 186729 186730 
4 191102 186736 186737 186738 
4 191109 186741 186742 186743 
3 191121 186713 186714 
3 191131 186752 186753 
4 191142 186728 186733 186734 
2 191145 186758 
3 191152 186761 186762 
3 191154 186781 186782 
5 191159 186776 186777 186779 186780 
4 191168 186757 186759 186764 
3 191185 186773 186774 
4 191189 186756 186772 186775 
3 191201 186768 186770 
2 191204 186771 
4 191208 186813 186814 186815 
3 191209 186801 186828 
3 191210 186803 186804 
3 191211 186829 186830 
3 191212 186819 186823 
3 191213 186790 186796 
3 191214 186821 186822 
3 191215 186812 186816 
3 191232 186797 186802 
2 191245 186808 
3 191251 186810 186811 
3 191254 186799 186800 
3 191259 186820 186826 
2 191274 186809 
3 191285 186791 186792 
3 191291 186831 186832 
3 191304 186786 186787 
3 191309 186793 186794 
3 191310 186806 186807 
2 191316 186795 
6 191324 186866 186867 186868 186869 186870 
3 191325 186853 186861 
3 191335 186851 186852 
3 191344 186847 186848 
3 191357 186857 186858 
3 191360 186836 186837 
3 191365 186877 186878 
3 191368 186860 186862 
3 191373 186833 186841 
3 191386 186873 186874 
4 191398 186842 186843 186844 
3 191408 186875 186876 
3 191420 186845 186850 
5 191421 186838 186839 186840 186880 
4 191426 186914 186915 186936 
3 191427 186886 186959 
4 191428 186985 187060 187061 
3 191429 186890 186939 
4 191430 186998 186999 187019 
3 191431 186881 186969 
4 191432 186922 186948 186949 
3 191433 187012 187066 
3 191434 186982 187028 
3 191435 186904 186981 
3 191436 186907 186957 
4 191437 186924 186942 186943 
3 191438 186891 186892 
3 191439 186929 186930 
2 191440 186934 
3 191441 186905 186906 
5 191445 186910 186911 186912 186913 
3 191451 186919 186920 
3 191462 186902 186903 
4 191473 186901 186927 186928 
3 191488 186895 186896 
3 191494 186925 186926 
3 191500 186917 186918 
3 191515 186888 186889 
3 191528 186882 186883 
3 191536 186908 186909 
3 191540 186884 186885 
3 191554 186931 186932 
3 191558 186953 186954 
2 191559 186964 
3 191562 186978 186979 
3 191570 186945 186974 
3 191581 186937 186938 
3 191586 186950 186951 
2 191593 186944 
3 191602 186935 186940 
3 191607 186947 186956 
2 191609 186941 
2 191613 186960 
2 191618 186972 
2 191625 186973 
3 191631 186946 186952 
3 191637 186967 186968 
3 191647 186971 186980 
4 191651 186975 186976 186977 
2 191654 186970 
3 191660 186955 186958 
3 191668 186961 186962 
3 191673 186965 186966 
3 191686 186991 186992 
3 191692 186993 186994 
3 191699 186983 186984 
4 191711 187001 187002 187009 
3 191714 187003 187004 
3 191719 187005 187006 
3 191724 186986 186987 
3 191727 187007 187008 
3 191736 186988 187000 
3 191742 186996 186997 
3 191748 187010 187011 
3 191757 186989 186990 
4 191758 187027 187031 187032 
3 191759 187037 187038 
3 191760 187063 187064 
3 191761 187026 187039 
3 191762 187046 187048 
3 191763 186995 187070 
5 191776 187053 187054 187055 187056 
2 191780 187044 
3 191788 187040 187041 
3 191793 187024 187025 
3 191798 187067 187068 
2 191802 187057 
3 191805 187016 187023 
3 191829 187050 187051 
3 191841 187013 187017 
2 191843 187029 
3 191849 187018 187020 
3 191855 187034 187035 
2 191861 187052 
3 191864 187015 187065 
2 191880 187043 
2 191887 187021 
3 191900 187145 187146 
4 191901 187173 187237 187240 
3 191902 187199 187217 
3 191903 187083 187154 
5 191904 187192 187193 187194 187225 
5 191905 187123 187124 187159 187160 
4 191907 187174 187175 187176 
3 191909 187210 187215 
3 191910 187108 187131 
3 191912 187189 187190 
3 191914 187088 187153 
3 191916 187207 187214 
3 191918 187099 187100 
3 191919 187080 187081 
3 191920 187103 187104 
3 191921 187092 187093 
3 191922 187089 187090 
3 191928 187084 187085 
3 191932 187086 187087 
2 191940 187079 
3 191945 187091 187094 
3 191950 187116 187121 
3 191955 187117 187120 
3 191965 187109 187110 
3 191968 187095 187096 
3 191975 187072 187073 
3 191980 187074 187075 
3 191991 187097 187098 
3 192002 187118 187119 
3 192010 187076 187077 
3 192015 187105 187106 
2 192018 187111 
3 192039 187101 187102 
3 192048 187155 187156 
3 192051 187126 187127 
3 192060 187150 187151 
3 192067 187125 187137 
3 192073 187135 187136 
3 192083 187142 187143 
3 192092 187128 187161 
3 192111 187129 187138 
3 192123 187141 187147 
3 192128 187149 187152 
3 192131 187211 187212 
3 192132 187187 187188 
2 192156 187180 
3 192174 187191 187195 
3 192175 187168 187169 
3 192186 187164 187183 
2 192208 187186 
4 192212 187170 187171 187172 
2 192213 187209 
3 192217 187200 187201 
3 192221 187204 187205 
3 192226 187197 187198 
4 192232 187177 187178 187179 
3 192240 187244 187250 
3 192243 187219 187223 
3 192256 187228 187229 
3 192262 187230 187231 
3 192269 187253 187254 
3 192274 187221 187224 
3 192282 187233 187234 
3 192294 187241 187242 
3 192302 187238 187239 
3 192303 187235 187236 
3 192311 187206 187246 
3 192315 187245 187247 
3 192321 187248 187249 
3 192326 187226 187227 
2 192327 187251 
3 192335 187340 187456 
3 192336 187315 187441 
4 192338 187470 187471 187472 
3 192340 187304 187453 
4 192341 187330 187474 187475 
5 192342 187311 187312 187446 187447 
3 192343 187316 187452 
5 192345 187378 187599 187600 187602 
4 192347 187380 187381 187525 
5 192348 187354 187431 187597 187601 
4 192349 187359 187360 187580 
3 192350 187363 187537 
2 192351 187396 
6 192352 187368 187563 187564 187565 187566 
3 192353 187603 187841 
3 192354 187617 187861 
3 192355 187696 187863 
2 192356 187866 
5 192357 187633 187634 187635 187703 
4 192359 187641 187642 187643 
2 192361 187682 
3 192362 187646 187869 
3 192363 187652 187892 
2 192364 187909 
3 192365 187732 187907 
3 192366 187779 187901 
2 192367 187733 
4 192368 187742 187743 187744 
3 192370 187749 187750 
4 192372 187762 187763 187924 
3 192373 187778 187910 
5 192375 187781 187782 187783 187784 
4 192377 187265 187308 187309 
4 192379 187272 187273 187305 
3 192381 187276 187319 
3 192382 187283 187339 
2 192383 187377 
4 192385 187344 187345 187346 
3 192387 187369 187407 
3 192388 187375 187376 
3 192389 187310 187326 
3 192390 187299 187300 
3 192391 187266 187267 
3 192392 187268 187269 
3 192393 187270 187271 
2 192396 187274 
2 192399 187275 
3 192405 187281 187282 
3 192414 187260 187261 
3 192423 187301 187302 
2 192434 187259 
3 192450 187262 187263 
3 192460 187290 187291 
3 192467 187297 187298 
3 192474 187286 187287 
3 192487 187292 187293 
2 192500 187296 
3 192508 187324 187325 
3 192515 187327 187328 
2 192520 187329 
3 192527 187306 187307 
3 192530 187331 187332 
4 192536 187303 187333 187334 
3 192549 187313 187314 
3 192554 187337 187341 
4 192565 187321 187322 187323 
2 192570 187320 
3 192575 187317 187318 
4 192584 187335 187336 187338 
3 192595 187355 187558 
3 192600 187356 187357 
3 192612 187342 187343 
3 192623 187364 187365 
3 192628 187366 187367 
3 192641 187370 187371 
4 192647 187372 187373 187374 
3 192659 187347 187348 
4 192665 187349 187350 187351 
3 192671 187352 187353 
3 192678 187392 187393 
3 192679 187426 187430 
3 192680 187427 187428 
3 192681 187401 187405 
4 192687 187416 187417 187418 
2 192693 187425 
2 192710 187383 
3 192721 187399 187400 
3 192722 187379 187398 
3 192732 187358 187384 
2 192736 187382 
3 192740 187412 187413 
3 192748 187394 187395 
3 192756 187408 187409 
2 192770 187402 
3 192779 187419 187420 
3 192786 187414 187415 
3 192791 187422 187423 
3 192798 187403 187404 
2 192805 187443 
3 192806 187517 187575 
4 192807 187523 187567 187570 
2 192808 187531 
3 192809 187467 187493 
3 192810 187478 187479 
3 192812 187513 187514 
3 192815 187473 187504 
4 192816 187549 187568 187569 
3 192817 187546 187583 
3 192818 187554 187598 
3 192820 187434 187502 
5 192822 187435 187436 187437 187492 
3 192834 187444 187445 
3 192843 187439 187440 
2 192844 187457 
5 192853 187458 187459 187460 187461 
4 192857 187462 187463 187464 
3 192868 187465 187466 
3 192879 187468 187469 
3 192883 187454 187455 
2 192888 187438 
2 192894 187476 
2 192902 187451 
3 192910 187442 187448 
3 192916 187449 187450 
3 192921 187495 187496 
3 192922 187506 187507 
3 192927 187494 187501 
3 192938 187484 187486 
2 192945 187485 
3 192946 187480 187487 
4 192950 187481 187482 187483 
2 192954 187488 
3 192957 187508 187509 
4 192961 187489 187490 187491 
3 192972 187503 187505 
3 192980 187499 187500 
3 192990 187477 187510 
3 192997 187497 187498 
5 193005 187527 187528 187529 187530 
3 193006 187540 187541 
4 193007 187520 187521 187522 
3 193008 187524 187532 
3 193009 187515 187516 
3 193010 187518 187519 
3 193013 187511 187512 
3 193040 187544 187545 
5 193046 187550 187551 187552 187553 
2 193052 187526 
3 193059 187533 187535 
3 193063 187536 187547 
3 193064 187548 187555 
3 193071 187542 187543 
3 193080 187538 187539 
3 193115 187578 187579 
3 193121 187595 187596 
3 193128 187556 187557 
3 193132 187582 187590 
3 193137 187591 187592 
3 193143 187593 187594 
3 193147 187588 187589 
3 193165 187571 187574 
5 193166 187559 187560 187561 187562 
3 193185 187572 187573 
3 193197 187584 187585 
3 193202 187586 187587 
4 193206 187576 187577 187581 
3 193207 187610 187698 
4 193208 187626 187627 187677 
3 193210 187640 187673 
3 193212 187644 187680 
3 193213 187683 187684 
2 193214 187604 
3 193215 187649 187692 
3 193217 187653 187701 
3 193219 187706 187707 
4 193220 187708 187731 187780 
3 193221 187709 187735 
3 193222 187713 187714 
3 193223 187605 187681 
3 193225 187721 187722 
3 193227 187723 187759 
3 193228 187724 187765 
4 193229 187728 187772 187773 
4 193231 187637 187638 187639 
3 193232 187650 187651 
4 193233 187615 187616 187668 
3 193235 187618 187619 
3 193240 187620 187621 
5 193243 187622 187623 187624 187625 
3 193251 187613 187614 
3 193256 187606 187607 
3 193262 187611 187612 
3 193265 187608 187609 
3 193288 187647 187648 
3 193298 187636 187666 
3 193317 187629 187630 
3 193319 187631 187632 
2 193334 187654 
2 193341 187645 
2 193348 187628 
3 193355 187678 187679 
3 193356 187658 187704 
4 193357 187689 187690 187691 
3 193358 187659 187660 
3 193359 187675 187676 
3 193362 187686 187697 
3 193363 187671 187672 
2 193364 187674 
3 193380 187655 187702 
3 193387 187656 187667 
2 193389 187685 
3 193397 187669 187670 
2 193406 187657 
3 193409 187694 187695 
2 193416 187687 
3 193422 187699 187700 
2 193433 187663 
3 193436 187664 187665 
3 193453 187688 187693 
3 193458 187661 187662 
2 193471 187715 
3 193476 187716 187717 
3 193483 187719 187720 
3 193489 187705 187718 
4 193500 187710 187711 187712 
3 193507 187725 187726 
2 193512 187727 
3 193521 187729 187730 
3 193527 187753 187754 
3 193528 187766 187767 
4 193529 187737 187738 187739 
3 193530 187785 187786 
3 193541 187770 187771 
5 193546 187734 187736 187745 187764 
3 193549 187740 187741 
3 193552 187768 187769 
3 193556 187747 187748 
3 193569 187746 187758 
3 193590 187755 187756 
3 193601 187774 187775 
3 193618 187760 187761 
3 193624 187776 187777 
3 193640 187751 187752 
2 193646 187757 
5 193649 187787 187788 187789 187790 
3 193651 187794 187845 
3 193654 187891 187894 
4 193656 187812 187813 187867 
3 193657 187815 187882 
8 193658 187921 187922 187923 187935 187938 187947 187951 
3 193659 187816 187890 
5 193660 187896 187899 187900 187966 
3 193661 187870 187871 
3 193662 187831 187876 
4 193663 187832 187833 187878 
3 193665 187913 187914 
3 193667 187842 187893 
3 193668 187798 187799 
3 193669 187814 187819 
3 193670 187817 187818 
4 193671 187820 187821 187822 
3 193672 187801 187802 
2 193675 187803 
3 193687 187824 187829 
3 193699 187838 187839 
2 193704 187840 
3 193713 187823 187850 
3 193716 187834 187837 
3 193726 187810 187811 
3 193733 187805 187895 
3 193746 187806 187807 
3 193752 187796 187797 
3 193764 187791 187843 
3 193769 187835 187836 
3 193789 187808 187809 
3 193792 187851 187852 
4 193793 187857 187858 187859 
5 193795 187868 187872 187873 187881 
3 193796 187864 187865 
3 193797 187846 187847 
3 193798 187844 187886 
3 193816 187860 187862 
3 193823 187848 187849 
3 193843 187874 187875 
4 193852 187887 187888 187889 
2 193856 187880 
3 193857 187855 187856 
3 193875 187883 187884 
3 193886 187877 187879 
2 193893 187885 
3 193899 187853 187854 
3 193916 187897 187898 
3 193920 187925 187926 
3 193925 187903 187904 
3 193930 187905 187906 
3 193945 187917 187918 
3 193950 187919 187920 
3 193954 187911 187912 
3 193967 187908 187927 
2 193981 187902 
3 193993 187936 187937 
3 193998 187939 187944 
3 194003 187945 187946 
4 194015 187932 187933 187934 
3 194021 187953 187954 
3 194026 187929 187955 
3 194031 187915 187948 
3 194036 187949 187950 
3 194046 187928 187967 
2 194049 187956 
4 194056 187957 187958 187959 
3 194060 187964 187965 
3 194067 187962 187963 
2 194071 188059 
3 194072 188018 188163 
3 194073 188330 188562 
3 194074 188029 188274 
3 194075 188079 188284 
5 194076 188348 188539 188540 188542 
3 194077 188340 188518 
3 194079 188316 188556 
3 194081 188315 188533 
4 194082 187989 188161 188164 
3 194083 188333 188521 
4 194084 188021 188136 188137 
3 194085 188012 188132 
4 194086 188334 188549 188550 
3 194088 188040 188268 
3 194091 188344 188345 
2 194093 188108 
4 194094 187991 188159 188160 
3 194095 188068 188120 
4 194096 188075 188076 188296 
3 194097 188327 188532 
4 194098 188041 188254 188307 
3 194099 188432 188581 
3 194100 188002 188133 
3 194101 188051 188266 
4 194102 188013 188014 188141 
2 194104 188147 
3 194106 188466 188587 
3 194107 188007 188176 
3 194108 188469 188584 
4 194109 188056 188256 188257 
2 194110 188626 
3 194111 188453 188592 
3 194112 188064 188294 
4 194113 188457 188568 188569 
3 194115 188261 188262 
2 194117 188019 
3 194119 188462 188463 
4 194121 188467 188468 188595 
3 194122 187987 188024 
4 194123 188072 188074 188093 
3 194124 187979 188008 
3 194125 188087 188090 
2 194126 187975 
4 194127 188033 188127 188128 
3 194128 188042 188100 
3 194130 188077 188088 
2 194132 188001 
3 194133 187980 188010 
4 194134 188067 188094 188095 
3 194138 187985 187986 
3 194143 187968 187969 
3 194151 187970 187971 
3 194156 187972 187973 
3 194162 187974 187978 
2 194169 187976 
2 194177 187977 
2 194183 187984 
3 194185 187981 187988 
3 194190 187982 187983 
2 194195 188015 
3 194200 188016 188020 
3 194203 188009 188011 
3 194209 188025 188027 
2 194219 187992 
2 194222 188023 
2 194227 187993 
5 194230 187997 187998 187999 188000 
2 194233 187990 
3 194242 188005 188006 
4 194244 187994 187995 187996 
3 194257 188003 188004 
3 194274 188022 188026 
2 194281 188017 
3 194291 188037 188046 
3 194292 188038 188039 
2 194293 188078 
3 194294 188060 188061 
5 194295 188081 188082 188083 188084 
4 194296 188069 188070 188071 
3 194307 188047 188048 
3 194320 188062 188063 
3 194334 188035 188036 
3 194343 188030 188034 
3 194354 188049 188050 
3 194367 188031 188032 
3 194373 188052 188053 
2 194379 188043 
5 194382 188028 188080 188085 188086 
3 194395 188057 188058 
3 194401 188054 188055 
3 194404 188065 188066 
3 194412 188044 188045 
2 194423 188073 
3 194425 188125 188126 
2 194426 188112 
3 194427 188099 188101 
2 194434 188098 
3 194435 188091 188092 
3 194453 188113 188119 
3 194458 188121 188124 
3 194464 188102 188107 
3 194491 188089 188097 
3 194499 188103 188104 
3 194503 188117 188118 
3 194506 188109 188110 
2 194516 188114 
3 194522 188122 188123 
3 194526 188105 188106 
2 194531 188096 
3 194539 188115 188116 
2 194541 188111 
2 194545 188189 
4 194546 188247 188301 188302 
2 194547 188219 
3 194548 188240 188290 
3 194549 188213 188271 
3 194550 188134 188180 
3 194551 188244 188303 
3 194552 188173 188195 
4 194553 188175 188199 188201 
3 194554 188177 188206 
3 194555 188211 188286 
4 194556 188223 188259 188260 
5 194557 188237 188238 188269 188270 
4 194558 188152 188198 188200 
3 194559 188227 188267 
3 194560 188154 188155 
4 194561 188166 188171 188172 
3 194562 188150 188151 
3 194563 188138 188139 
3 194564 188167 188168 
3 194565 188169 188170 
3 194566 188153 188162 
3 194567 188174 188178 
3 194579 188130 188131 
2 194585 188146 
3 194592 188129 188135 
3 194603 188149 188157 
4 194616 188143 188144 188145 
2 194639 188140 
3 194655 188142 188148 
3 194660 188156 188158 
2 194678 188165 
4 194685 188190 188192 188193 
3 194699 188185 188194 
3 194704 188196 188197 
2 194709 188187 
3 194716 188179 188202 
3 194731 188186 188205 
3 194735 188182 188183 
3 194737 188203 188204 
3 194756 188232 188234 
5 194757 188212 188220 188221 188222 
3 194758 188210 188255 
3 194759 188214 188215 
3 194760 188239 188241 
2 194761 188224 
3 194762 188217 188228 
3 194772 188250 188251 
3 194777 188252 188253 
3 194784 188235 188236 
2 194800 188246 
3 194807 188248 188249 
3 194819 185817 188226 
3 194827 188230 188231 
2 194855 188243 
3 194858 188225 188229 
3 194877 188304 188305 
3 194878 188289 188291 
3 194879 188264 188265 
3 194880 188300 188306 
3 194890 188275 188281 
3 194896 188282 188283 
4 194906 188297 188298 188299 
3 194915 188272 188273 
3 194930 188287 188288 
2 194935 188308 
3 194943 188258 188309 
2 194948 188263 
3 194953 188310 188311 
2 194957 188276 
3 194960 188277 188278 
3 194990 188279 188280 
3 194995 188312 188313 
3 195000 188285 188295 
3 195013 188292 188293 
3 195015 188349 188391 
3 195016 188416 188439 
3 195017 188317 188357 
3 195018 188321 188380 
3 195020 188356 188383 
3 195022 188397 188446 
2 195023 188331 
3 195024 188407 188459 
3 195026 188332 188355 
3 195028 188428 188460 
3 195029 188341 188377 
3 195030 188414 188447 
2 195032 188425 
4 195035 188318 188319 188320 
3 195042 188350 188351 
4 195046 188322 188323 188324 
3 195053 188325 188326 
3 195061 188328 188329 
3 195075 188314 188352 
3 195084 188335 188336 
4 195091 188337 188338 188339 
3 195102 188342 188343 
3 195110 188346 188347 
3 195120 188394 188395 
4 195121 188386 188387 188388 
4 195122 188361 188364 188365 
3 195123 188372 188374 
3 195124 188369 188384 
3 195125 188358 188385 
3 195126 188362 188363 
3 195138 188389 188390 
3 195148 188375 188376 
2 195170 188393 
3 195174 188368 188373 
3 195182 185818 188392 
3 195190 188381 188382 
3 195193 188366 188367 
3 195212 188353 188354 
3 195225 188359 188360 
3 195230 188399 188400 
3 195235 188401 188402 
3 195245 188405 188429 
3 195255 188403 188404 
3 195258 188408 188409 
3 195263 188410 188411 
3 195268 188412 188413 
4 195278 188420 188421 188426 
3 195284 188406 188415 
3 195297 188422 188423 
2 195302 188418 
3 195307 188419 188424 
3 195310 188396 188430 
3 195313 188441 188442 
3 195314 188437 188438 
3 195315 188450 188451 
3 195316 188440 188443 
4 195317 188461 188464 188465 
3 195320 188431 188444 
3 195323 188433 188434 
3 195336 188456 188472 
3 195339 188435 188436 
3 195352 188445 188458 
3 195373 188470 188471 
3 195376 188454 188455 
3 195388 188448 188449 
2 195396 188452 
3 195415 188594 188629 
3 195416 188473 188534 
3 195418 188552 188553 
5 195420 188479 188480 188486 188538 
3 195421 188570 188616 
3 195422 188567 188611 
3 195423 188483 188541 
3 195424 188478 188536 
3 195425 188490 188530 
4 195427 188596 188633 188634 
3 195436 188502 188503 
3 195440 188476 188477 
2 195452 188487 
3 195458 188484 188485 
3 195463 188481 188482 
2 195469 188488 
3 195477 188474 188475 
3 195482 188489 188500 
3 195486 188491 188492 
3 195491 188493 188494 
2 195494 188495 
2 195500 188496 
4 195506 188497 188498 188499 
2 195511 188501 
3 195515 188504 188505 
3 195516 188510 188511 
4 195519 188514 188515 188516 
3 195520 188543 188544 
4 195521 188555 188557 188561 
3 195522 188537 188563 
3 195523 188547 188548 
3 195526 188513 188517 
3 195545 188545 188546 
2 195558 188558 
5 195564 188506 188535 188551 188554 
2 195574 188512 
2 195576 188529 
3 195588 188522 188523 
2 195596 188509 
4 195608 188526 188527 188528 
4 195613 188519 188520 188531 
3 195624 188507 188508 
3 195628 188559 188560 
3 195637 188524 188525 
3 195663 188565 188566 
3 195671 188572 188573 
3 195676 188574 188575 
2 195681 188576 
3 195687 188582 188583 
2 195693 188591 
3 195699 188593 188597 
3 195704 188598 188599 
3 195708 188589 188590 
5 195713 188564 188571 188577 188588 
3 195716 188585 188586 
2 195719 188578 
3 195725 188579 188580 
5 195732 188600 188601 188602 188603 
3 195733 188630 188635 
3 195734 188604 188605 
3 195735 188623 188624 
3 195736 188628 188637 
2 195737 188610 
3 195741 188608 188636 
2 195746 188609 
2 195755 188622 
3 195760 188638 188639 
3 195765 188612 188618 
3 195772 188631 188632 
4 195775 188613 188615 188625 
2 195791 188627 
2 195796 188614 
3 195805 188619 188620 
2 195807 188617 
4 195823 188640 188641 188642 
2 195832 188621 
3 195842 188606 188607 
