20
7 232 142 143 144 145 146 147 
9 233 174 183 192 201 210 214 218 222 
9 234 175 184 193 202 211 215 219 223 
6 235 176 185 194 203 236 
5 237 177 186 195 204 
5 238 178 187 196 205 
5 239 179 188 197 206 
5 240 180 189 198 207 
9 258 181 190 199 208 212 216 220 224 
9 266 182 191 200 209 213 217 221 225 
5 274 148 152 156 165 
5 275 149 153 157 166 
4 287 158 288 167 
3 289 159 168 
3 290 160 169 
3 291 161 170 
4 292 162 293 171 
5 294 150 154 163 172 
5 295 151 155 164 173 
7 296 226 227 228 229 230 231 
