40
5 6 174 183 192 201 
5 7 175 184 193 202 
5 9 176 185 194 203 
5 11 177 186 195 204 
5 12 178 187 196 205 
3 13 179 188 
3 15 180 189 
3 17 181 190 
3 18 182 191 
3 19 197 206 
3 21 198 207 
5 22 210 214 218 222 
5 23 211 215 219 223 
7 24 199 208 212 216 220 224 
7 25 200 209 213 217 221 225 
3 26 148 152 
3 27 149 153 
3 28 150 154 
3 29 151 155 
3 30 156 165 
3 31 157 166 
3 33 158 167 
3 35 159 168 
3 36 160 169 
3 37 161 170 
3 39 162 171 
3 41 163 172 
3 42 164 173 
2 43 142 
2 44 143 
2 45 144 
2 46 145 
2 47 146 
2 48 147 
2 49 226 
2 50 227 
2 51 228 
2 52 229 
2 53 230 
2 54 231 
