124
3 390 119 207 
3 391 189 245 
3 392 141 204 
3 393 182 270 
45 394 0 1 2 3 124 125 126 127 135 136 137 139 145 147 155 156 157 158 159 160 168 193 197 202 224 225 226 227 241 242 243 244 255 256 257 258 274 275 276 277 286 287 288 289 
3 395 146 263 
4 396 166 190 209 
3 397 149 228 
5 398 118 134 205 230 
3 399 169 210 
3 400 133 214 
3 401 167 206 
41 402 8 59 66 77 87 128 130 140 142 143 144 172 175 176 177 178 179 186 187 188 216 217 218 236 237 238 248 249 250 267 268 269 280 281 282 306 338 341 365 372 
3 403 63 329 
3 404 71 336 
4 405 76 83 339 
3 406 80 294 
6 407 74 84 86 316 382 
3 408 85 369 
3 409 72 370 
3 410 95 304 
45 411 4 5 6 7 23 24 25 26 37 38 39 40 51 52 53 54 91 92 93 94 96 97 99 100 293 303 320 321 322 323 354 355 356 357 371 374 377 379 383 384 386 387 388 389 
3 412 114 335 
5 413 105 318 325 337 
4 414 11 115 348 
3 415 27 340 
3 416 45 319 
3 417 102 292 
3 418 116 350 
3 419 36 360 
3 420 90 345 
3 421 98 352 
3 422 33 301 
3 423 22 311 
3 424 41 108 
3 425 78 79 
3 426 81 88 
3 427 73 75 
3 428 47 89 
3 429 16 101 
3 430 10 49 
3 431 17 21 
3 432 103 112 
3 433 60 82 
3 434 12 44 
3 435 18 42 
3 436 46 109 
3 437 13 57 
3 438 20 48 
3 439 28 50 
3 440 62 68 
3 441 32 111 
3 442 9 104 
3 443 64 65 
3 444 56 107 
3 445 35 55 
3 446 61 69 
3 447 58 113 
3 448 14 43 
3 449 67 70 
3 450 15 29 
3 451 31 110 
3 452 19 106 
3 453 30 34 
3 454 151 153 
3 455 180 185 
3 456 123 154 
3 457 122 195 
3 458 170 192 
3 459 121 164 
3 460 138 163 
3 461 117 152 
3 462 129 174 
3 463 196 199 
3 464 183 191 
3 465 181 194 
3 466 171 184 
3 467 131 162 
3 468 148 198 
3 469 173 201 
3 470 132 165 
5 471 120 150 161 200 
3 472 211 223 
3 473 229 253 
3 474 261 271 
3 475 259 278 
3 476 260 265 
3 477 212 272 
3 478 203 219 
4 479 208 220 233 
3 480 215 222 
4 481 234 264 266 
3 482 246 273 
3 483 231 247 
3 484 232 254 
3 485 213 235 
3 486 251 285 
3 487 239 262 
3 488 240 283 
5 489 221 252 279 284 
3 490 349 373 
3 491 312 375 
3 492 302 308 
3 493 317 359 
3 494 315 327 
3 495 328 363 
3 496 290 309 
5 497 346 362 368 380 
4 498 313 334 385 
3 499 314 353 
3 500 291 295 
3 501 333 343 
3 502 324 358 
3 503 298 326 
3 504 305 310 
3 505 367 381 
3 506 307 378 
3 507 297 330 
3 508 300 347 
4 509 332 351 364 
3 510 331 361 
3 511 344 376 
3 512 296 366 
3 513 299 342 
