2744
5 179003 186536 186537 186538 186539 
2 179004 185803 
2 179005 185804 
2 179007 185805 
5 179008 186669 186671 186703 186704 
5 179022 186532 186533 186534 186535 
2 179023 185806 
5 179024 187112 187113 187114 187115 
2 179026 185807 
5 179027 187213 187218 187220 187252 
5 179031 187277 187278 187279 187280 
2 179035 185816 
5 179036 187386 187387 187388 187389 
2 179041 185817 
5 179049 187255 187256 187257 187258 
2 179050 185818 
5 179051 187825 187826 187827 187828 
2 179052 185819 
5 179053 187940 187941 187942 187943 
2 179116 185891 
2 179119 185892 
2 179128 185855 
2 179129 185856 
2 179137 185821 
2 179138 185823 
2 179140 185851 
2 179141 185824 
2 179142 185852 
2 179144 185859 
2 179147 185825 
2 179150 185826 
2 179152 185827 
2 179153 185829 
2 179154 185835 
2 179156 185837 
2 179161 185828 
2 179163 185832 
2 179164 185836 
2 179165 185838 
2 179166 185843 
2 179167 185844 
2 179173 185841 
2 179177 185830 
2 179178 185839 
2 179180 185845 
2 179185 185849 
2 179186 185842 
2 179189 185846 
2 179191 185850 
2 179194 185820 
2 179196 185822 
2 179199 185840 
2 179200 185847 
2 179201 185853 
2 179208 185860 
2 179213 185831 
2 179215 185833 
2 179216 185834 
2 179218 185861 
2 179219 185862 
2 179223 185848 
2 179224 185854 
2 179229 185884 
2 179232 185882 
2 179236 185894 
2 179238 185867 
2 179239 185864 
2 179242 185881 
2 179246 185901 
2 179248 185902 
2 179250 185876 
2 179254 185872 
2 179256 185873 
2 179257 185874 
2 179258 185871 
2 179261 185866 
2 179265 185875 
2 179266 185903 
5 179269 185885 185886 185887 185888 
2 179270 185879 
2 179271 185893 
2 179272 185889 
2 179273 185890 
2 179275 185865 
2 179276 185868 
5 179277 185880 185898 185899 185900 
2 179278 185869 
2 179279 185904 
2 179280 185863 
2 179283 185877 
2 179285 185870 
2 179287 185878 
2 179288 185883 
2 179290 185897 
2 179291 185952 
2 179302 185950 
2 179304 185906 
2 179305 185911 
2 179306 185918 
2 179311 185924 
2 179312 185949 
2 179315 185912 
2 179318 185914 
2 179323 185915 
2 179327 185896 
2 179330 185905 
2 179332 185908 
2 179333 185910 
2 179334 185916 
2 179335 185922 
2 179338 185923 
2 179339 185919 
2 179340 185920 
2 179341 185921 
2 179344 185907 
2 179345 185953 
2 179348 185909 
2 179355 185913 
2 179356 185917 
2 179360 185895 
2 179362 185951 
2 179367 185925 
2 179368 185944 
5 179369 185930 185931 185932 185933 
2 179371 185927 
2 179372 185936 
2 179373 185939 
2 179374 185935 
2 179375 185937 
2 179376 185938 
2 179377 185940 
2 179382 185947 
2 179383 185948 
2 179386 185946 
2 179387 185942 
2 179388 185943 
2 179391 185926 
2 179392 185929 
2 179397 185934 
2 179403 185928 
2 179405 185945 
2 179406 185941 
2 179407 185958 
2 179419 185857 
2 179420 185965 
2 179421 185966 
2 179422 185967 
2 179423 185858 
2 179426 185974 
2 179427 185975 
2 179428 185988 
2 179429 185989 
2 179430 185993 
2 179431 186012 
2 179433 185981 
2 179434 185957 
2 179439 185976 
2 179440 185982 
2 179443 186004 
2 179445 185983 
2 179453 186010 
2 179456 185970 
2 179457 185984 
2 179459 186013 
2 179461 185968 
2 179463 185972 
2 179466 186011 
2 179467 185956 
2 179470 185973 
2 179471 186003 
2 179472 186014 
2 179475 185996 
2 179476 186005 
2 179478 185977 
2 179480 185960 
2 179481 185959 
2 179485 185995 
2 179487 185961 
2 179489 185994 
2 179490 185963 
2 179492 185954 
2 179493 185978 
2 179496 185992 
2 179497 185985 
2 179499 185999 
2 179502 185990 
2 179503 185991 
2 179504 185997 
2 179505 185998 
2 179506 185971 
2 179507 185955 
2 179508 185964 
2 179509 185962 
2 179510 185979 
2 179512 185986 
2 179514 186000 
2 179516 185969 
2 179520 185980 
2 179521 185987 
2 179524 186001 
2 179525 186002 
2 179526 186008 
2 179527 186009 
2 179528 186006 
2 179529 186007 
2 179534 186019 
2 179535 186024 
2 179537 186145 
2 179551 186020 
2 179558 186031 
2 179560 186036 
2 179564 186037 
2 179565 186038 
2 179567 186015 
2 179571 186042 
2 179575 186033 
2 179576 186034 
2 179579 186021 
2 179582 186022 
2 179583 186041 
2 179587 186040 
2 179588 186043 
2 179589 186044 
2 179590 186016 
2 179594 186026 
2 179598 186017 
2 179599 186023 
2 179600 186025 
2 179601 186018 
2 179603 186035 
2 179604 186032 
2 179606 186039 
2 179607 186080 
2 179608 186081 
2 179610 186082 
2 179625 186071 
2 179626 186057 
2 179628 186058 
2 179632 186055 
2 179633 186059 
2 179634 186053 
2 179635 186054 
2 179638 186065 
2 179639 186072 
2 179642 186056 
2 179643 186074 
2 179644 186075 
2 179646 186046 
2 179647 186047 
2 179649 186076 
2 179652 186077 
2 179653 186078 
2 179654 186079 
2 179661 186066 
2 179662 186067 
2 179663 186068 
2 179665 186060 
2 179666 186064 
2 179670 186045 
2 179672 186049 
2 179673 186050 
2 179674 186073 
2 179681 186048 
2 179683 186051 
2 179684 186052 
2 179693 186092 
2 179697 186091 
2 179698 186132 
2 179700 186133 
2 179704 186109 
2 179707 186118 
2 179708 186069 
2 179712 186131 
2 179713 186095 
2 179714 186098 
2 179717 186087 
2 179720 186086 
2 179722 186083 
2 179723 186122 
2 179724 186123 
2 179725 186070 
2 179732 186128 
2 179733 186129 
2 179739 186094 
2 179741 186117 
2 179742 186107 
2 179743 186108 
2 179745 186130 
2 179749 186063 
2 179751 186139 
2 179753 186102 
2 179754 186099 
2 179756 186103 
2 179757 186061 
2 179758 186062 
2 179762 186093 
2 179764 186135 
2 179766 186119 
2 179767 186121 
2 179768 186120 
2 179770 186100 
2 179771 186101 
2 179773 186104 
2 179775 186084 
2 179777 186105 
2 179783 186113 
2 179787 186096 
2 179788 186085 
2 179789 186088 
2 179794 186116 
2 179795 186106 
2 179796 186114 
2 179798 186134 
2 179799 186136 
2 179802 186110 
2 179806 186138 
2 179809 186112 
2 179810 186115 
2 179811 186137 
2 179813 186097 
2 179815 186111 
2 179816 186089 
2 179817 186090 
2 179823 186150 
2 179826 186186 
2 179827 186187 
2 179828 186178 
2 179832 186180 
2 179840 186154 
2 179842 186164 
2 179844 186165 
2 179845 186166 
2 179847 186144 
2 179848 186151 
2 179849 186159 
2 179850 186172 
2 179851 186157 
2 179862 186140 
2 179864 186158 
2 179867 186185 
2 179868 186171 
2 179869 186027 
2 179870 186028 
2 179871 186029 
2 179872 186030 
2 179873 186179 
2 179876 186160 
2 179877 186177 
2 179879 186161 
2 179880 186146 
2 179883 186155 
2 179885 186181 
2 179891 186173 
2 179892 186147 
2 179893 186148 
2 179899 186168 
2 179901 186184 
2 179902 186174 
2 179903 186153 
2 179904 186163 
2 179909 186169 
2 179910 186170 
2 179912 186176 
2 179915 186156 
2 179922 186182 
2 179923 186149 
2 179926 186175 
2 179928 186141 
2 179929 186142 
2 179932 186167 
2 179935 186183 
2 179939 186143 
2 179945 186162 
2 179950 186152 
2 179962 186224 
2 179975 186201 
2 179976 186204 
2 179977 186205 
2 179979 186218 
2 179980 186219 
2 179981 186220 
2 179982 186221 
2 179983 186222 
2 179986 186223 
2 179987 186230 
2 179988 186231 
2 179990 186189 
2 179995 186192 
2 180001 186206 
2 180007 186194 
2 180008 186196 
2 180009 186227 
2 180010 186229 
2 180011 186228 
2 180013 186232 
2 180015 186233 
2 180017 186188 
2 180018 186190 
2 180020 186191 
2 180022 186199 
2 180028 186207 
2 180029 186214 
2 180030 186193 
2 180032 186203 
2 180038 186208 
2 180039 186209 
2 180040 186210 
2 180042 186211 
2 180043 186212 
2 180044 186213 
2 180047 186215 
2 180052 186195 
2 180053 186197 
2 180054 186216 
2 180055 186198 
2 180057 186217 
2 180059 186202 
2 180060 186200 
2 180062 186234 
2 180063 186236 
2 180067 186248 
2 180068 186268 
2 180074 186249 
2 180076 186258 
2 180077 186250 
2 180080 186125 
2 180087 186235 
2 180093 186239 
2 180094 186243 
2 180095 186124 
2 180096 186260 
2 180097 186126 
2 180102 186269 
2 180104 186237 
2 180105 186238 
2 180106 186244 
2 180110 186259 
2 180114 186263 
2 180117 186127 
2 180119 186266 
2 180120 186241 
2 180123 186264 
2 180129 186265 
2 180133 186261 
2 180135 186245 
2 180140 186240 
2 180143 186262 
2 180144 186270 
2 180145 186271 
2 180146 186272 
2 180150 186242 
2 180158 186246 
2 180159 186247 
2 180161 186267 
2 180163 186302 
2 180164 186305 
2 180165 186306 
2 180166 186274 
2 180168 186292 
2 180172 186276 
2 180176 186279 
2 180177 186280 
2 180178 186282 
2 180179 186283 
2 180180 186288 
2 180181 186294 
2 180183 186289 
2 180184 186293 
2 180190 186275 
2 180194 186284 
2 180196 186278 
2 180202 186299 
2 180203 186301 
2 180208 186254 
2 180212 186300 
2 180215 186255 
2 180216 186256 
2 180219 186297 
2 180223 186298 
2 180224 186257 
2 180228 186303 
2 180232 186273 
2 180237 186281 
2 180239 186285 
2 180240 186286 
2 180241 186287 
2 180242 186251 
2 180245 186252 
2 180246 186253 
2 180248 186295 
2 180249 186296 
2 180250 186304 
2 180252 186277 
2 180256 186290 
2 180257 186291 
2 180262 186344 
2 180263 186345 
2 180265 186346 
2 180268 186343 
2 180273 186352 
2 180277 186327 
2 180279 186226 
2 180280 186336 
2 180285 186310 
2 180286 186313 
2 180287 186316 
2 180289 186321 
2 180291 186330 
2 180295 186320 
2 180296 186324 
2 180302 186328 
2 180305 186318 
2 180306 186319 
2 180308 186329 
2 180311 186323 
2 180312 186341 
2 180314 186225 
2 180316 186322 
2 180317 186342 
2 180318 186351 
2 180319 186317 
2 180322 186347 
2 180327 186326 
2 180328 186325 
2 180331 186349 
2 180335 186331 
2 180336 186332 
2 180337 186337 
2 180341 186308 
2 180346 186348 
2 180347 186314 
2 180349 186307 
2 180351 186338 
2 180353 186315 
2 180356 186350 
2 180367 186311 
2 180369 186309 
2 180370 186312 
2 180374 186333 
2 180375 186334 
2 180376 186335 
2 180389 186380 
2 180390 186381 
2 180391 186385 
2 180392 186356 
2 180395 186360 
2 180396 186366 
2 180398 186377 
2 180401 186371 
2 180404 186372 
2 180405 186369 
2 180407 186370 
2 180409 186379 
2 180411 186353 
2 180412 186354 
2 180415 186375 
2 180416 186376 
2 180417 186382 
2 180419 186357 
2 180422 186361 
2 180423 186362 
2 180424 186368 
2 180425 186374 
2 180427 186367 
2 180431 186378 
2 180434 186384 
2 180435 186373 
2 180436 186355 
2 180440 186358 
2 180441 186359 
2 180442 186363 
2 180443 186364 
2 180448 186365 
2 180454 186395 
2 180456 186423 
2 180459 186418 
2 180460 186390 
2 180462 186421 
2 180463 186387 
2 180465 186401 
2 180471 186437 
2 180473 186422 
2 180475 186419 
2 180476 186394 
2 180480 186409 
2 180481 186388 
2 180483 186413 
2 180484 186410 
2 180485 186389 
2 180491 186425 
5 180492 186403 186404 186407 186408 
2 180493 186424 
2 180494 186386 
2 180495 186432 
2 180497 186411 
2 180498 186412 
2 180499 186417 
2 180500 186391 
2 180506 186414 
2 180509 186420 
2 180512 186393 
2 180513 186398 
2 180516 186399 
2 180520 186392 
2 180521 186400 
2 180524 186435 
2 180526 186427 
2 180527 186433 
2 180528 186416 
2 180530 186434 
2 180532 186396 
2 180536 186406 
2 180540 186397 
2 180541 186405 
2 180544 186402 
2 180545 186415 
2 180546 186436 
2 180548 186426 
2 180555 186441 
2 180557 186449 
2 180558 186443 
2 180560 186442 
2 180565 186473 
2 180568 186445 
2 180569 186477 
2 180570 186460 
2 180574 186446 
2 180575 186452 
2 180579 186431 
2 180581 186470 
2 180583 186429 
2 180584 186428 
2 180589 186480 
2 180593 186444 
2 180594 186456 
2 180596 186457 
2 180597 186469 
2 180598 186458 
2 180599 186474 
2 180601 186430 
5 180605 186439 186440 186481 186482 
2 180606 186454 
2 180607 186455 
2 180608 186484 
2 180609 186485 
2 180612 186462 
2 180613 186463 
2 180614 186464 
2 180620 186459 
2 180626 186465 
2 180627 186466 
2 180628 186471 
2 180629 186472 
2 180632 186448 
2 180634 186478 
2 180640 186483 
2 180641 186447 
2 180642 186451 
2 180645 186468 
2 180648 186479 
2 180649 186467 
2 180651 186453 
2 180652 186461 
2 180654 186475 
2 180657 186476 
2 180658 186450 
2 180661 186438 
2 180665 186509 
2 180674 186502 
2 180678 186505 
2 180679 186506 
2 180681 186503 
2 180688 186491 
2 180690 186492 
2 180692 186531 
2 180693 186490 
2 180696 186383 
2 180701 186529 
2 180702 186530 
2 180703 186504 
2 180707 186516 
2 180708 186513 
2 180711 186496 
2 180712 186497 
2 180714 186520 
2 180720 186511 
2 180722 186524 
2 180726 186494 
2 180727 186512 
2 180732 186493 
2 180734 186517 
2 180737 186500 
2 180738 186523 
2 180739 186488 
2 180742 186525 
2 180747 186521 
2 180749 186526 
2 180750 186527 
2 180752 186528 
2 180755 186495 
2 180756 186510 
2 180765 186508 
2 180766 186489 
2 180767 186486 
2 180769 186487 
2 180774 186501 
2 180778 186498 
2 180779 186499 
2 180780 186514 
2 180782 186522 
2 180784 186515 
2 180785 186507 
2 180823 186584 
2 180824 186601 
2 180827 186613 
2 180831 186632 
2 180832 186545 
2 180835 186547 
2 180837 186564 
2 180838 186565 
2 180841 186567 
2 180842 186551 
2 180843 186552 
2 180849 186559 
2 180852 186568 
2 180854 186575 
2 180857 186569 
2 180859 186571 
2 180860 186549 
2 180861 186550 
2 180863 186554 
2 180864 186556 
2 180866 186548 
2 180869 186566 
2 180872 186546 
2 180874 186560 
2 180875 186570 
2 180876 186572 
2 180878 186561 
2 180883 186553 
2 180885 186573 
2 180887 186562 
2 180890 186574 
2 180892 186541 
2 180893 186542 
2 180894 186543 
2 180897 186544 
2 180899 186555 
2 180900 186563 
2 180901 186540 
2 180904 186586 
2 180908 186605 
2 180910 186595 
2 180911 186596 
2 180913 186597 
2 180914 186603 
2 180916 186604 
2 180918 186598 
2 180919 186580 
2 180920 186581 
2 180921 186582 
2 180925 186592 
2 180926 186593 
2 180933 186591 
2 180935 186606 
2 180939 186600 
2 180940 186587 
2 180942 186599 
2 180943 186583 
2 180946 186585 
2 180948 186576 
2 180950 186577 
2 180951 186578 
2 180952 186579 
2 180953 186594 
2 180955 186588 
2 180956 186589 
2 180959 186590 
2 180960 186653 
2 180962 186624 
2 180971 186640 
2 180972 186607 
2 180973 186656 
2 180980 186609 
2 180981 186634 
2 180982 186641 
2 180983 186611 
2 180984 186626 
2 180985 186627 
2 180986 186633 
2 180994 186625 
2 180997 186610 
2 180999 186623 
2 181000 186642 
2 181004 186614 
2 181005 186638 
2 181006 186602 
2 181009 186649 
2 181010 186652 
2 181012 186639 
2 181013 186608 
2 181015 186622 
2 181018 186617 
2 181020 186650 
2 181022 186651 
2 181024 186618 
2 181026 186619 
2 181027 186620 
2 181028 186615 
2 181029 186612 
2 181030 186628 
2 181031 186629 
2 181036 186630 
2 181037 186635 
2 181038 186646 
2 181041 186616 
2 181044 186645 
2 181045 186621 
2 181046 186631 
2 181047 186637 
2 181049 186648 
2 181051 186654 
2 181053 186655 
2 181060 186636 
2 181061 186647 
2 181076 186558 
2 181078 186701 
2 181079 186670 
2 181083 186672 
2 181086 186677 
2 181091 186665 
2 181096 186668 
2 181099 186709 
2 181100 186660 
2 181104 186661 
2 181106 186697 
2 181107 186700 
2 181109 186688 
2 181110 186690 
2 181111 186691 
2 181113 186702 
2 181123 186684 
2 181125 186708 
2 181126 186685 
2 181127 186664 
2 181129 186706 
2 181130 186707 
2 181131 186678 
2 181134 186686 
2 181136 186687 
2 181137 186557 
2 181147 186693 
2 181150 186695 
2 181155 186705 
2 181156 186696 
2 181159 186674 
2 181162 186692 
2 181167 186682 
2 181168 186683 
2 181170 186673 
2 181173 186711 
2 181176 186679 
2 181177 186680 
2 181178 186681 
2 181180 186689 
2 181185 186662 
2 181186 186659 
2 181188 186667 
2 181190 186676 
2 181195 186712 
2 181198 186657 
2 181203 186675 
2 181204 186694 
2 181207 186666 
2 181209 186663 
2 181211 186710 
2 181212 186658 
2 181215 186745 
2 181216 186746 
2 181217 186749 
2 181231 186724 
2 181234 186728 
2 181237 186713 
2 181241 186742 
2 181243 186733 
2 181246 186734 
2 181247 186714 
2 181248 186715 
2 181251 186743 
5 181252 186722 186725 186726 186744 
2 181253 186751 
2 181257 186740 
2 181259 186755 
2 181265 186717 
2 181267 186750 
2 181268 186716 
2 181271 186731 
2 181275 186739 
5 181276 186718 186719 186720 186721 
2 181277 186729 
2 181278 186730 
2 181284 186732 
2 181285 186735 
2 181288 186748 
2 181290 186727 
2 181297 186736 
2 181298 186737 
2 181301 186738 
2 181302 186741 
2 181303 186747 
2 181306 186723 
2 181307 186772 
2 181310 186784 
2 181315 186768 
2 181316 186770 
2 181317 186771 
2 181318 186775 
2 181320 186776 
2 181321 186779 
2 181323 186780 
2 181324 186777 
2 181327 186758 
2 181330 186763 
2 181335 186764 
2 181336 186759 
2 181338 186757 
2 181339 186778 
2 181344 186765 
2 181345 186766 
2 181349 186760 
2 181350 186785 
2 181351 186767 
2 181359 186781 
2 181360 186782 
2 181361 186769 
2 181363 186761 
2 181364 186762 
2 181365 186756 
2 181370 186783 
2 181376 186828 
2 181377 186826 
2 181379 186803 
2 181381 186813 
2 181382 186814 
2 181383 186808 
2 181386 186810 
2 181393 186789 
2 181394 186790 
2 181395 186796 
2 181396 186821 
2 181399 186797 
2 181402 186815 
2 181403 186809 
2 181405 186812 
2 181407 186793 
2 181408 186794 
2 181410 186795 
2 181413 186831 
2 181414 186824 
2 181415 186817 
2 181416 186818 
2 181417 186791 
2 181418 186792 
2 181420 186832 
2 181421 186786 
2 181423 186773 
2 181424 186774 
2 181425 186799 
2 181426 186823 
2 181431 186806 
2 181432 186807 
2 181435 186819 
2 181441 186787 
2 181444 186800 
2 181445 186801 
2 181447 186820 
2 181448 186788 
2 181451 186804 
2 181456 186805 
2 181458 186825 
2 181459 186827 
2 181460 186802 
2 181461 186822 
2 181462 186816 
2 181464 186811 
2 181468 186798 
2 181469 186829 
2 181470 186830 
2 181475 186851 
2 181477 186846 
2 181479 186864 
2 181483 186872 
2 181485 186859 
2 181488 186852 
2 181489 186853 
2 181491 186861 
2 181493 186848 
2 181494 186849 
2 181495 186856 
2 181496 186835 
2 181505 186855 
2 181506 186847 
2 181507 186854 
2 181510 186754 
2 181512 186752 
2 181513 186753 
2 181514 186833 
2 181517 186877 
2 181521 186841 
2 181522 186834 
2 181526 186878 
2 181527 186857 
2 181528 186858 
2 181533 186836 
2 181534 186837 
2 181535 186860 
2 181536 186862 
2 181538 186871 
2 181545 186867 
2 181547 186866 
2 181548 186843 
2 181551 186874 
2 181554 186844 
2 181558 186868 
2 181561 186873 
2 181562 186842 
2 181564 186850 
5 181566 186838 186839 186840 186880 
2 181567 186869 
2 181569 186865 
2 181571 186876 
2 181574 186879 
2 181577 186870 
2 181579 186845 
2 181581 186875 
2 181591 186899 
2 181592 186917 
2 181593 186918 
2 181595 186919 
2 181597 186920 
2 181606 186901 
2 181607 186902 
2 181608 186903 
2 181610 186887 
2 181611 186905 
2 181612 186906 
5 181616 186910 186911 186912 186913 
2 181617 186928 
2 181619 186923 
2 181624 186900 
2 181628 186924 
2 181632 186896 
2 181633 186922 
2 181635 186898 
2 181639 186886 
2 181640 186895 
2 181641 186925 
2 181642 186926 
2 181644 186927 
2 181646 186863 
2 181647 186934 
2 181648 186904 
2 181651 186881 
2 181652 186882 
2 181654 186883 
2 181655 186921 
2 181658 186890 
2 181662 186891 
2 181665 186914 
2 181667 186888 
2 181668 186889 
2 181673 186907 
2 181674 186915 
2 181675 186929 
2 181680 186930 
2 181681 186931 
2 181682 186884 
2 181683 186885 
2 181687 186892 
2 181689 186932 
2 181697 186933 
2 181699 186893 
2 181701 186894 
2 181703 186908 
2 181704 186909 
2 181705 186916 
2 181712 186944 
2 181717 186938 
2 181718 186950 
2 181719 186951 
2 181721 186959 
2 181722 186943 
2 181724 186978 
2 181725 186979 
2 181727 186981 
2 181728 186942 
2 181729 186974 
2 181730 186945 
2 181734 186964 
2 181736 186960 
2 181738 186937 
2 181741 186948 
2 181742 186949 
2 181745 186972 
2 181746 186973 
2 181749 186947 
2 181751 186956 
2 181753 186935 
2 181754 186940 
2 181755 186941 
2 181758 186961 
2 181760 186953 
2 181763 186968 
2 181772 186975 
2 181774 186976 
2 181775 186977 
2 181776 186946 
2 181778 186952 
2 181779 186967 
2 181783 186970 
2 181784 186971 
2 181786 186954 
2 181787 186980 
2 181791 186939 
2 181793 186955 
2 181795 186962 
2 181796 186958 
2 181797 186936 
2 181798 186957 
2 181806 186965 
2 181807 186966 
2 181809 186969 
2 181811 187006 
2 181812 187007 
2 181813 187008 
2 181818 186988 
2 181821 187001 
2 181822 186989 
2 181824 186991 
2 181826 186996 
2 181831 187012 
2 181835 186986 
2 181839 187000 
2 181840 186985 
2 181842 186997 
2 181843 187002 
2 181844 187009 
2 181847 187003 
2 181849 186963 
2 181851 186990 
2 181852 186992 
2 181860 186993 
2 181865 187013 
2 181869 186994 
2 181873 186995 
2 181875 186982 
2 181881 187010 
2 181882 186983 
2 181885 187004 
2 181887 186987 
2 181890 186984 
2 181894 186998 
2 181895 186999 
2 181896 187011 
2 181898 187005 
2 181899 187043 
2 181901 187046 
2 181904 187067 
2 181906 187048 
2 181909 187021 
2 181910 187024 
2 181911 187025 
5 181912 187053 187054 187055 187056 
2 181913 187044 
2 181916 187045 
2 181923 187068 
2 181924 187069 
2 181925 187042 
2 181927 187058 
2 181928 187059 
2 181929 186897 
2 181933 187057 
2 181934 187039 
2 181935 187040 
2 181936 187041 
2 181937 187016 
2 181938 187023 
2 181941 187026 
2 181943 187019 
2 181944 187047 
2 181946 187066 
2 181961 187029 
2 181962 187049 
2 181964 187036 
2 181965 187028 
2 181966 187062 
2 181967 187060 
2 181969 187027 
2 181970 187050 
2 181972 187051 
2 181975 187017 
2 181976 187018 
2 181977 187034 
2 181981 187020 
2 181983 187035 
2 181984 187037 
2 181990 187030 
2 181992 187022 
2 181993 187070 
2 181994 187014 
2 181997 187031 
2 182001 187061 
2 182004 187063 
2 182005 187064 
2 182006 187065 
2 182007 187015 
2 182009 187032 
2 182011 187033 
2 182014 187052 
2 182018 187038 
2 182028 187203 
2 182029 187206 
2 182034 187146 
2 182037 187086 
2 182041 187087 
2 182044 187079 
2 182045 187082 
2 182046 186699 
2 182048 187085 
2 182051 187091 
2 182052 187094 
2 182053 187081 
2 182054 187122 
2 182055 187084 
2 182060 187120 
2 182066 187083 
2 182068 187080 
2 182069 187117 
2 182070 186698 
2 182072 187121 
2 182073 187116 
2 182078 187099 
2 182083 187109 
2 182084 187110 
2 182085 187072 
2 182086 187073 
2 182087 187074 
2 182090 187123 
2 182091 187075 
2 182094 187097 
2 182095 187098 
2 182097 187103 
2 182098 187104 
2 182102 187088 
2 182103 187089 
2 182105 187076 
2 182106 187092 
2 182107 187093 
2 182109 187077 
2 182110 187102 
2 182112 187105 
2 182114 187106 
2 182116 187107 
2 182118 187118 
2 182119 187119 
2 182123 187108 
2 182126 187078 
2 182128 187100 
2 182131 187111 
2 182133 187071 
2 182137 187101 
2 182141 187124 
2 182142 187090 
2 182145 187150 
2 182146 187129 
2 182147 187140 
2 182149 187141 
2 182151 187128 
2 182152 187161 
2 182155 187155 
2 182160 187153 
2 182161 187127 
2 182163 187156 
2 182165 187133 
2 182169 187138 
2 182172 187139 
2 182175 187132 
2 182181 187142 
2 182182 187143 
2 182184 187154 
2 182189 187144 
2 182190 187145 
2 182191 187157 
2 182192 187148 
2 182195 187159 
2 182196 187160 
2 182197 187147 
2 182198 187149 
2 182200 187152 
2 182202 187162 
2 182207 187151 
2 182208 187126 
2 182209 186643 
2 182210 186644 
2 182212 187137 
2 182214 187125 
2 182215 187130 
2 182216 187131 
2 182218 187158 
2 182222 187175 
2 182223 187176 
2 182228 187174 
2 182233 187166 
2 182236 187181 
2 182243 187188 
2 182244 187207 
2 182245 187173 
2 182246 187194 
2 182251 187167 
2 182252 187192 
2 182253 187193 
2 182254 187136 
2 182257 187165 
2 182258 187134 
2 182259 187135 
2 182263 187187 
2 182264 187180 
2 182269 187184 
2 182271 187168 
2 182272 187169 
2 182275 187164 
2 182280 187208 
2 182281 187163 
2 182285 187211 
2 182287 187183 
2 182288 187202 
2 182290 187191 
2 182291 187195 
2 182292 187171 
2 182293 187177 
2 182294 187178 
2 182295 187179 
2 182297 187197 
2 182299 187182 
2 182300 187189 
2 182304 187186 
2 182305 187172 
2 182307 187209 
2 182309 187210 
2 182312 187196 
2 182315 187190 
2 182316 187185 
2 182318 187170 
2 182321 187198 
2 182324 187204 
2 182325 187205 
2 182330 187212 
2 182331 187199 
2 182335 187238 
2 182336 187239 
2 182337 187245 
2 182338 187247 
2 182341 187248 
2 182343 187249 
2 182348 187214 
2 182352 187229 
2 182355 187232 
2 182356 187228 
2 182357 187242 
2 182362 187223 
2 182365 187251 
2 182368 187237 
2 182369 187225 
2 182375 187241 
2 182378 187240 
2 182379 187244 
2 182385 187226 
2 182389 187095 
2 182392 187096 
2 182395 187246 
2 182397 187250 
2 182398 187227 
2 182401 187219 
2 182405 187230 
2 182406 187215 
2 182415 187224 
2 182416 187233 
2 182417 187216 
2 182418 187243 
2 182422 187217 
2 182423 187222 
2 182424 187235 
2 182426 187236 
2 182427 187253 
2 182431 187231 
2 182432 187234 
2 182434 187254 
2 182435 187221 
2 182485 187300 
2 182487 187376 
2 182488 187310 
2 182490 187331 
2 182491 187332 
2 182492 187297 
2 182493 187298 
2 182494 187299 
2 182495 187379 
2 182498 187358 
2 182504 187259 
2 182509 187262 
2 182513 187263 
2 182515 187265 
2 182516 187266 
2 182518 187272 
2 182519 187276 
2 182520 187302 
2 182522 187260 
2 182523 187261 
2 182526 187264 
2 182529 187268 
2 182532 187269 
2 182533 187273 
2 182535 187284 
2 182539 187267 
2 182542 187270 
2 182545 187271 
2 182548 187274 
2 182549 187275 
2 182550 187287 
2 182551 187288 
2 182553 187289 
2 182559 187281 
2 182561 187282 
2 182562 187285 
2 182568 187290 
2 182569 187291 
2 182570 187292 
2 182571 187293 
2 182573 187295 
2 182574 187283 
2 182576 187286 
2 182580 187301 
2 182583 187294 
2 182587 187296 
2 182588 187339 
2 182591 187311 
2 182593 187312 
2 182594 187313 
2 182596 187316 
2 182599 187324 
2 182600 187327 
2 182605 187333 
2 182606 187334 
2 182609 187321 
2 182612 187200 
2 182613 187337 
2 182616 187201 
2 182619 187340 
2 182623 187303 
2 182624 187308 
2 182627 187322 
2 182628 187323 
2 182629 187330 
2 182630 187335 
2 182631 187336 
2 182633 187314 
2 182638 187318 
2 182640 187319 
2 182643 187326 
2 182646 187317 
2 182648 187306 
2 182651 187307 
2 182652 187341 
2 182653 187309 
2 182658 187315 
2 182659 187325 
2 182661 187328 
2 182664 187304 
2 182665 187305 
2 182669 187320 
2 182675 187329 
2 182676 187338 
2 182681 187371 
2 182683 187373 
2 182686 187381 
2 182687 187355 
2 182695 187347 
2 182696 187348 
2 182697 187349 
2 182698 187350 
2 182701 187377 
2 182702 187343 
2 182703 187344 
2 182704 187351 
2 182705 187360 
2 182706 187363 
2 182707 187364 
2 182710 187374 
2 182711 187375 
2 182712 187342 
2 182713 187352 
2 182714 187365 
2 182717 187345 
2 182722 187378 
2 182724 187380 
2 182732 187359 
2 182735 187346 
2 182740 187354 
2 182742 187356 
2 182743 187366 
2 182744 187367 
2 182745 187369 
2 182756 187361 
2 182758 187357 
2 182759 187362 
2 182761 187353 
2 182763 187368 
2 182765 187370 
2 182766 187372 
2 182775 187390 
2 182776 187405 
2 182777 187433 
2 182783 187425 
2 182784 187430 
2 182785 187418 
2 182790 187431 
2 182796 187432 
2 182798 187383 
2 182800 187401 
2 182802 187416 
2 182803 187417 
2 182804 187429 
2 182807 187385 
2 182810 187406 
2 182811 187412 
2 182814 187413 
2 182817 187426 
2 182820 187399 
2 182821 187400 
2 182824 187382 
2 182826 187398 
2 182828 187384 
2 182829 187396 
2 182836 187402 
2 182837 187407 
2 182839 187408 
2 182841 187419 
2 182846 187420 
2 182847 187393 
2 182851 187397 
2 182853 187427 
2 182858 187392 
2 182860 187394 
2 182862 187395 
2 182863 187409 
2 182865 187410 
2 182871 187411 
2 182874 187421 
2 182875 187424 
2 182878 187391 
2 182879 187414 
2 182881 187422 
2 182889 187423 
2 182890 187415 
2 182891 187428 
2 182892 187403 
2 182893 187404 
2 182894 187497 
2 182897 187468 
2 182898 187469 
2 182904 187498 
2 182928 187440 
2 182929 187441 
5 182934 185808 185809 185810 185811 
2 182936 187453 
2 182940 187450 
2 182941 187454 
2 182942 187455 
2 182944 187456 
2 182946 187475 
2 182948 187471 
2 182949 187472 
2 182953 187439 
2 182956 187434 
2 182957 187449 
2 182962 187476 
2 182969 187467 
2 182970 187470 
2 182975 187457 
2 182977 187442 
2 182979 187448 
2 182981 187438 
2 182987 187473 
2 182988 187474 
2 182990 187443 
2 182991 187435 
2 182992 187436 
2 182993 187446 
2 182995 187437 
2 182997 187465 
2 182998 187466 
2 183009 187444 
2 183010 187445 
2 183016 187452 
2 183019 187462 
2 183020 187463 
2 183022 187464 
2 183026 187447 
2 183027 187451 
5 183028 187458 187459 187460 187461 
2 183033 187505 
2 183034 187506 
2 183035 187507 
2 183037 187488 
2 183039 187489 
2 183040 187490 
2 183042 187478 
2 183043 187479 
2 183046 187504 
2 183053 187494 
2 183055 187501 
2 183060 187491 
2 183062 187492 
2 183070 187487 
2 183071 187480 
2 183074 187508 
2 183075 187509 
2 183076 187502 
2 183079 187510 
2 183080 187477 
2 183085 187499 
2 183086 187500 
2 183091 187481 
2 183092 187482 
2 183094 187483 
2 183095 187485 
2 183096 187493 
2 183097 187495 
2 183098 187496 
2 183103 187484 
2 183104 187486 
2 183109 187503 
2 183116 187521 
2 183122 187524 
2 183124 187513 
2 183130 187517 
2 183131 187531 
2 183132 187544 
2 183136 187514 
2 183137 187522 
2 183138 187512 
2 183139 187545 
2 183140 187523 
2 183148 187546 
2 183150 187554 
2 183152 187511 
2 183153 187542 
2 183156 187536 
2 183157 187525 
2 183158 187543 
2 183159 187552 
2 183160 187535 
2 183168 187533 
2 183170 187526 
2 183173 187547 
2 183174 187548 
2 183175 187520 
2 183177 187550 
2 183178 187551 
2 183179 187555 
2 183180 187532 
2 183182 187553 
2 183184 187515 
2 183190 187518 
2 183192 187539 
2 183195 187540 
2 183196 187527 
2 183197 187528 
2 183199 187538 
2 183200 187529 
2 183202 187530 
2 183205 187541 
2 183206 187549 
2 183209 187519 
2 183210 187534 
2 183216 187537 
2 183219 187516 
2 183227 187589 
2 183228 187595 
2 183229 187597 
2 183232 187558 
2 183233 187601 
2 183234 187580 
2 183235 187586 
2 183236 187574 
2 183239 187556 
2 183240 187557 
2 183246 187596 
2 183247 187587 
2 183251 187600 
2 183252 187602 
2 183255 187575 
2 183257 187585 
2 183260 187567 
2 183261 187570 
2 183263 187579 
2 183265 187583 
2 183272 187571 
2 183275 187576 
2 183276 187577 
2 183277 187581 
2 183279 187578 
2 183280 187598 
2 183281 187584 
2 183283 187599 
2 183289 187563 
2 183292 187568 
2 183293 187590 
2 183297 187573 
2 183298 187588 
2 183299 187569 
2 183300 187582 
2 183301 187564 
2 183303 187572 
2 183305 187591 
2 183310 187565 
2 183312 187566 
5 183313 187559 187560 187561 187562 
2 183321 187592 
2 183322 187593 
2 183323 187594 
2 183335 187606 
2 183338 187616 
2 183344 187604 
2 183346 187613 
2 183347 187614 
2 183348 187607 
2 183354 187617 
2 183358 187618 
2 183360 187619 
2 183361 187620 
2 183362 187621 
5 183365 187622 187623 187624 187625 
2 183370 187610 
2 183373 187603 
2 183374 187605 
2 183375 187608 
2 183378 187609 
2 183381 187611 
2 183382 187612 
2 183383 187615 
2 183390 187637 
2 183391 187641 
2 183393 187642 
2 183394 187647 
2 183395 187648 
2 183399 187629 
2 183400 187630 
2 183403 187627 
2 183406 187653 
2 183407 187626 
2 183410 187636 
2 183413 187640 
2 183415 187650 
2 183416 187633 
2 183421 187643 
2 183422 187646 
2 183423 187654 
2 183425 187628 
2 183426 187632 
2 183427 187649 
2 183433 187651 
2 183434 187652 
2 183442 187635 
2 183443 187638 
2 183444 187639 
2 183449 187644 
2 183450 187645 
2 183453 187631 
2 183454 187634 
2 183456 187676 
2 183457 187704 
2 183461 187675 
2 183462 187703 
2 183463 187655 
2 183466 187698 
2 183470 187681 
2 183474 187702 
2 183475 187668 
2 183476 187674 
2 183480 187697 
2 183482 187656 
2 183483 187696 
2 183485 187669 
2 183486 187670 
2 183488 187667 
2 183495 187685 
2 183498 187686 
2 183499 187657 
2 183500 187658 
2 183505 187677 
2 183510 187687 
2 183513 187659 
2 183516 187671 
2 183519 187678 
2 183520 187679 
2 183522 187689 
2 183525 187694 
2 183527 187695 
2 183528 187699 
2 183532 187690 
2 183534 187700 
2 183539 187693 
2 183541 187660 
2 183542 187661 
2 183544 187666 
2 183553 187673 
2 183554 187688 
2 183559 187684 
2 183560 187663 
2 183563 187692 
2 183569 187662 
2 183571 187672 
2 183574 187680 
2 183575 187682 
2 183576 187683 
2 183577 187691 
2 183581 187664 
2 183582 187701 
2 183585 187665 
2 183587 187723 
2 183589 187724 
2 183591 187725 
2 183593 187726 
2 183596 187713 
2 183597 187717 
2 183598 187727 
2 183603 187728 
2 183609 187729 
2 183610 187730 
2 183615 187720 
2 183617 187706 
2 183618 187715 
2 183621 187716 
2 183623 187721 
2 183632 187719 
2 183633 187708 
2 183634 187709 
2 183635 187711 
2 183636 187712 
2 183638 187714 
2 183640 187718 
2 183641 187705 
2 183643 187710 
2 183649 187722 
2 183650 187707 
2 183652 187747 
2 183653 187748 
2 183659 187749 
2 183660 187750 
2 183663 187739 
2 183664 187740 
2 183665 187741 
2 183666 187742 
2 183668 187771 
2 183669 187779 
5 183671 187734 187736 187745 187764 
2 183672 187770 
2 183675 187743 
2 183677 187744 
2 183680 187737 
2 183681 187746 
2 183682 187731 
2 183685 187768 
2 183687 187733 
2 183691 187738 
2 183695 187732 
2 183698 187769 
2 183703 187780 
2 183704 187735 
2 183706 187758 
2 183710 187759 
2 183711 187760 
2 183712 187766 
2 183713 187767 
2 183716 187755 
2 183718 187765 
2 183722 187761 
2 183724 187753 
2 183726 187772 
2 183727 187773 
2 183728 187774 
2 183730 187775 
2 183735 187781 
2 183739 187782 
2 183740 187756 
2 183742 187785 
2 183746 187783 
2 183748 187776 
2 183749 187784 
2 183750 187752 
2 183751 187754 
2 183752 187762 
2 183753 187763 
2 183757 187757 
2 183761 187777 
2 183763 187778 
2 183764 187751 
2 183765 187786 
5 183766 187787 187788 187789 187790 
2 183777 187871 
2 183778 187915 
2 183779 187895 
2 183781 187850 
2 183800 187803 
2 183803 187840 
2 183804 187841 
2 183805 187829 
2 183809 187819 
2 183810 187804 
2 183811 187830 
2 183812 187815 
2 183813 187802 
2 183815 187838 
2 183817 187839 
2 183820 187813 
2 183826 187823 
2 183827 187811 
2 183828 187824 
2 183829 187801 
2 183830 187814 
2 183831 187837 
2 183834 187834 
2 183836 187812 
2 183837 187810 
2 183838 187843 
2 183840 187798 
2 183841 187832 
2 183842 187833 
2 183844 187794 
2 183846 187807 
2 183851 187805 
2 183854 187820 
2 183856 187821 
2 183858 187791 
2 183859 187806 
2 183860 187816 
2 183862 187817 
2 183863 187796 
2 183864 187797 
2 183869 187842 
2 183870 187818 
2 183871 187800 
2 183878 187799 
2 183880 187835 
2 183881 187836 
2 183882 187795 
2 183884 187808 
2 183886 187793 
2 183888 187822 
2 183890 187831 
2 183891 187792 
2 183893 187809 
2 183896 187866 
2 183898 187847 
2 183900 187860 
2 183902 187862 
2 183906 187881 
2 183908 187861 
2 183911 187859 
2 183912 187849 
2 183913 187873 
2 183914 187867 
2 183915 187844 
2 183916 187848 
2 183919 187886 
2 183922 187868 
2 183923 187872 
2 183925 187846 
2 183927 187857 
2 183931 187858 
2 183937 187863 
2 183939 187882 
2 183940 187856 
2 183941 187880 
2 183945 187887 
2 183947 187888 
2 183951 187889 
2 183957 187869 
2 183958 187874 
2 183959 187875 
2 183961 187851 
2 183962 187892 
2 183965 187893 
2 183968 187864 
2 183969 187855 
2 183971 187853 
2 183978 187854 
2 183984 187876 
2 183985 187883 
2 183986 187890 
2 183988 187870 
2 183989 187852 
2 183991 187865 
2 183995 187884 
2 183997 187877 
2 183998 187879 
2 184000 187845 
2 184002 187878 
2 184004 187885 
2 184005 187891 
2 184007 187894 
2 184011 187911 
2 184012 187912 
2 184015 187913 
2 184016 187899 
2 184023 187919 
2 184024 187905 
2 184028 187903 
2 184029 187904 
2 184037 187910 
2 184039 187924 
2 184042 187914 
2 184044 187897 
2 184050 187898 
2 184054 187925 
2 184056 187917 
2 184057 187918 
2 184060 187921 
2 184061 187922 
2 184063 187923 
2 184065 187926 
2 184066 187908 
2 184068 187920 
2 184070 187909 
2 184073 187927 
2 184079 187907 
2 184080 187916 
2 184082 187902 
2 184086 187901 
2 184088 187896 
2 184089 187900 
2 184090 187906 
2 184096 187936 
2 184097 187937 
2 184099 187928 
2 184105 187960 
2 184110 187948 
2 184111 187957 
2 184114 187935 
2 184115 187961 
2 184118 187930 
2 184119 187949 
2 184120 187950 
2 184121 187951 
2 184122 187952 
2 184125 187939 
2 184126 187944 
2 184128 187945 
2 184130 187946 
2 184131 187929 
2 184132 187966 
2 184134 187967 
2 184135 187955 
2 184137 187938 
2 184141 187964 
2 184144 187931 
2 184145 187953 
2 184148 187954 
2 184149 187956 
2 184153 187932 
2 184154 187933 
2 184155 187934 
2 184156 187965 
2 184157 187958 
2 184158 187959 
2 184163 187962 
2 184164 187963 
2 184165 187947 
2 184199 188013 
2 184200 188014 
2 184203 187982 
2 184205 187983 
2 184212 187980 
2 184214 187973 
2 184216 187988 
2 184217 187987 
2 184223 187984 
2 184224 187985 
2 184225 187986 
2 184227 187968 
2 184228 187969 
2 184230 187970 
2 184232 187971 
2 184237 187975 
2 184238 187979 
2 184239 187974 
2 184240 187972 
2 184243 187977 
2 184245 186518 
2 184246 186519 
2 184252 187978 
2 184253 187976 
2 184257 187981 
2 184260 188004 
2 184262 187992 
2 184263 188009 
2 184265 188001 
2 184266 188011 
2 184267 188008 
5 184268 185812 185813 185814 185815 
2 184270 188027 
2 184272 188021 
2 184273 188012 
2 184275 188007 
2 184277 188010 
2 184280 188018 
2 184281 187990 
2 184284 188017 
2 184289 188015 
2 184292 188016 
2 184294 188020 
2 184298 188023 
2 184299 188024 
2 184300 187994 
2 184306 188022 
2 184307 188026 
2 184309 187995 
2 184311 187996 
2 184321 188005 
2 184322 188006 
2 184326 188019 
2 184327 188025 
2 184328 188002 
2 184334 187989 
2 184335 187991 
2 184336 188003 
2 184338 187993 
5 184339 187997 187998 187999 188000 
2 184343 188046 
2 184350 188078 
2 184354 188061 
2 184355 188062 
2 184356 188084 
2 184357 188047 
2 184358 188048 
2 184360 188063 
2 184361 188033 
2 184366 188072 
2 184367 188074 
2 184369 188042 
2 184372 188081 
2 184373 188083 
2 184376 188029 
2 184377 188049 
2 184379 188040 
2 184381 188032 
2 184383 188079 
2 184389 188082 
2 184390 188050 
2 184394 188037 
2 184395 188035 
2 184396 188036 
2 184398 188059 
2 184399 188060 
2 184402 188030 
2 184403 188034 
2 184405 188031 
2 184409 188052 
2 184410 188053 
2 184412 188076 
2 184415 188069 
2 184417 188075 
5 184418 188028 188080 188085 188086 
2 184419 188038 
2 184420 188041 
2 184421 188043 
2 184423 188051 
2 184424 188068 
2 184430 188064 
2 184435 188077 
2 184438 188055 
2 184440 188056 
2 184441 188057 
2 184442 188058 
2 184445 188070 
2 184446 188071 
2 184448 188073 
2 184450 188054 
2 184455 188066 
2 184456 188067 
2 184457 188065 
2 184462 188039 
2 184463 188044 
2 184464 188045 
2 184468 188114 
2 184479 188126 
2 184481 188091 
2 184482 188092 
2 184486 188127 
2 184487 188128 
2 184488 188098 
2 184491 188101 
2 184492 188113 
2 184493 188119 
2 184494 188121 
2 184497 188124 
2 184498 188112 
2 184506 188097 
2 184508 188089 
2 184510 188087 
2 184511 188093 
2 184513 188090 
2 184514 188125 
2 184519 188107 
2 184523 188100 
2 184524 188099 
2 184525 188108 
2 184529 188102 
2 184533 188103 
2 184534 188109 
2 184536 188117 
2 184537 188118 
2 184538 188120 
2 184540 188088 
2 184541 188104 
2 184542 188110 
2 184556 188094 
2 184558 188095 
2 184560 188123 
2 184561 188122 
2 184562 188115 
2 184564 188116 
2 184567 188096 
2 184570 188111 
2 184572 188105 
2 184575 188106 
2 184580 188141 
2 184581 188190 
2 184582 188192 
2 184589 188159 
2 184592 188303 
2 184593 188193 
2 184600 188130 
2 184610 188157 
2 184611 188176 
2 184613 188178 
2 184614 188129 
2 184616 188131 
2 184617 186340 
2 184622 188132 
2 184628 188162 
2 184629 188163 
2 184631 188135 
2 184633 188136 
2 184634 188149 
2 184638 188139 
2 184640 188137 
2 184641 188146 
2 184642 188147 
2 184645 188133 
2 184650 188144 
2 184651 188138 
2 184652 186339 
2 184653 188177 
2 184657 188152 
2 184664 188174 
2 184665 188145 
2 184667 188153 
2 184668 188134 
2 184669 188175 
2 184670 188173 
2 184673 188143 
2 184677 188148 
2 184679 188150 
2 184682 188160 
2 184687 188140 
2 184688 188161 
2 184690 188167 
2 184693 188168 
2 184695 188166 
2 184696 188154 
2 184698 188164 
2 184700 188142 
2 184708 188158 
2 184709 188165 
2 184718 188169 
2 184719 188170 
2 184725 188151 
2 184727 188172 
2 184732 188171 
2 184735 188155 
2 184736 188156 
2 184743 188180 
2 184745 188183 
2 184750 188196 
2 184751 188197 
2 184753 188198 
2 184755 188200 
2 184757 188208 
2 184764 188209 
2 184771 188189 
2 184772 188203 
2 184773 188188 
2 184778 188185 
2 184779 188194 
2 184780 188195 
2 184784 188184 
2 184787 188199 
2 184788 188201 
2 184790 188181 
2 184791 188205 
2 184792 188186 
2 184794 188182 
2 184795 188202 
2 184796 188179 
2 184797 188191 
2 184798 188207 
2 184799 188187 
2 184801 188206 
2 184804 188204 
2 184806 188240 
2 184808 188230 
2 184810 188216 
2 184811 188220 
2 184812 188221 
2 184813 188238 
2 184816 188228 
2 184820 188234 
2 184821 188212 
2 184822 188213 
2 184823 188253 
2 184824 188227 
2 184825 188247 
2 184828 188254 
2 184829 188229 
2 184837 188242 
2 184838 188243 
2 184843 188255 
2 184844 188210 
2 184850 188233 
2 184851 188246 
2 184854 188217 
2 184855 188218 
2 184857 188248 
2 184858 188249 
2 184861 188226 
2 184862 188245 
2 184864 188244 
2 184865 188235 
2 184874 188236 
2 184875 188237 
2 184876 188241 
2 184877 188222 
2 184879 188250 
2 184880 188251 
2 184881 188252 
2 184882 188214 
2 184883 188215 
2 184884 188219 
2 184886 188224 
2 184890 188225 
2 184894 188239 
2 184896 188223 
2 184897 188232 
2 184898 188211 
2 184900 188231 
2 184909 188275 
2 184910 188274 
2 184911 188284 
2 184913 188306 
2 184914 188305 
2 184920 188299 
2 184924 188281 
2 184926 188268 
2 184929 188283 
2 184930 188297 
2 184933 188298 
2 184941 188282 
2 184945 188300 
2 184947 188271 
2 184951 188308 
2 184955 188272 
2 184958 188269 
2 184959 188270 
2 184960 188273 
2 184963 188304 
2 184964 188267 
2 184965 188287 
2 184966 188288 
2 184973 188311 
2 184974 188286 
2 184975 188289 
2 184976 188307 
2 184977 188259 
2 184978 188276 
2 184979 188309 
2 184980 188278 
2 184982 188260 
2 184983 188290 
2 184984 188302 
2 184987 188277 
2 184990 188258 
2 184991 188301 
2 184992 188263 
2 184993 188264 
2 185000 188310 
2 185001 188256 
2 185003 188261 
2 185004 188279 
2 185008 188262 
2 185010 188280 
2 185012 188296 
2 185013 188312 
2 185014 188291 
2 185016 188295 
2 185017 188285 
2 185019 188265 
2 185021 188257 
2 185024 188292 
2 185026 188293 
2 185027 188294 
2 185029 188266 
2 185031 188313 
2 185035 188341 
2 185041 188439 
2 185042 188445 
2 185043 188459 
2 185047 188346 
2 185053 188328 
2 185055 188340 
2 185059 188352 
2 185062 188315 
2 185066 188314 
2 185069 188338 
2 185070 188339 
2 185073 188332 
2 185083 188342 
2 185084 188343 
2 185088 188322 
2 185089 188321 
2 185091 188335 
2 185093 188336 
2 185096 188333 
2 185097 188350 
2 185098 188330 
2 185101 188329 
2 185103 188316 
2 185106 188351 
2 185108 188344 
2 185112 188334 
2 185117 188323 
2 185118 188324 
2 185119 188325 
2 185121 188317 
2 185126 188326 
2 185127 188327 
2 185128 188319 
2 185129 188345 
2 185130 188347 
2 185134 188320 
2 185135 188349 
2 185136 188331 
2 185140 188337 
2 185141 188348 
2 185145 188318 
2 185149 188379 
2 185150 188380 
2 185152 188388 
2 185154 188386 
2 185155 188358 
2 185156 188362 
2 185157 188363 
2 185158 188381 
2 185159 188382 
2 185162 188353 
2 185163 188354 
2 185168 188391 
2 185169 188392 
2 185170 188360 
2 185171 188355 
2 185173 188377 
2 185175 188383 
2 185176 188370 
2 185177 188371 
2 185178 188384 
2 185181 188372 
2 185184 188356 
2 185186 188387 
2 185187 188364 
2 185188 188365 
2 185194 188375 
2 185195 188385 
2 185203 188368 
2 185204 188373 
2 185205 188389 
2 185206 188369 
2 185207 188374 
2 185209 188357 
2 185213 188378 
2 185215 188390 
2 185217 188393 
2 185220 188394 
2 185221 188395 
2 185222 188376 
2 185226 188359 
2 185228 188366 
2 185229 188367 
2 185230 188361 
2 185236 188408 
2 185238 188409 
2 185239 188410 
2 185243 188406 
2 185244 188418 
2 185248 188429 
2 185249 188397 
2 185254 188428 
2 185258 188407 
2 185260 188398 
2 185270 188405 
2 185275 188411 
2 185276 188412 
2 185277 188413 
2 185278 188414 
2 185279 188419 
2 185280 188415 
2 185282 188422 
2 185283 188423 
2 185284 188425 
2 185288 188403 
2 185289 188404 
2 185290 188420 
2 185294 188421 
2 185295 188426 
2 185300 188424 
2 185304 188399 
2 185305 188400 
2 185306 188401 
2 185307 188402 
2 185308 188416 
2 185309 188430 
2 185311 188417 
2 185313 188396 
2 185316 188427 
2 185318 188456 
2 185319 188472 
2 185321 188433 
2 185322 188434 
2 185324 188438 
2 185326 188432 
2 185327 188465 
2 185330 188431 
2 185331 188435 
2 185333 188436 
2 185334 188466 
2 185336 188469 
2 185346 188453 
2 185349 188447 
2 185350 188448 
2 185351 188449 
2 185352 188450 
2 185353 188451 
2 185359 188462 
2 185363 188452 
2 185369 188457 
2 185374 188437 
2 185375 188463 
2 185380 188470 
2 185381 188471 
2 185384 188460 
2 185390 188464 
2 185391 188440 
2 185392 188443 
2 185393 188458 
2 185395 188441 
2 185397 188442 
2 185400 188444 
2 185401 188461 
2 185402 188446 
2 185403 188454 
2 185404 188455 
2 185406 188467 
2 185407 188468 
2 185424 188479 
2 185426 188480 
2 185427 188486 
2 185429 188487 
2 185435 188502 
2 185436 188503 
2 185437 188483 
2 185442 188474 
2 185443 188475 
2 185446 188490 
2 185451 188478 
2 185452 188504 
2 185463 188491 
2 185464 188492 
2 185465 188489 
2 185466 188500 
2 185467 188493 
2 185468 188473 
2 185473 188505 
2 185474 188496 
2 185476 188501 
2 185481 188484 
2 185483 188494 
2 185492 188481 
2 185493 188482 
2 185494 188497 
2 185495 188498 
2 185496 188476 
2 185499 188485 
2 185501 188495 
2 185503 188488 
2 185505 188499 
2 185506 188477 
2 185511 188511 
2 185515 188542 
2 185516 188510 
2 185518 188538 
2 185524 188536 
2 185525 188552 
2 185526 188537 
2 185527 188553 
2 185531 188513 
2 185532 188548 
2 185535 188517 
5 185537 188506 188535 188551 188554 
2 185538 188545 
2 185542 188546 
2 185543 188541 
2 185547 188547 
2 185548 188512 
2 185550 188518 
2 185551 188558 
2 185555 188562 
2 185556 188556 
2 185557 188563 
2 185558 188539 
2 185559 188540 
2 185562 188533 
2 185564 188527 
2 185565 188528 
2 185566 188529 
2 185568 188526 
2 185571 188543 
2 185575 188514 
2 185576 188522 
2 185577 188523 
2 185578 188549 
2 185582 188550 
2 185585 188555 
2 185593 188532 
2 185596 188509 
2 185599 188521 
2 185601 188530 
2 185602 188561 
2 185608 188531 
2 185609 188515 
2 185610 188516 
2 185611 188524 
2 185612 188525 
2 185613 188560 
2 185615 188508 
2 185618 188519 
2 185620 188520 
2 185621 188559 
2 185626 188507 
2 185627 188557 
2 185630 188544 
2 185631 188534 
2 185635 188591 
2 185637 188565 
2 185639 188566 
2 185641 188592 
2 185650 188578 
2 185651 188598 
2 185652 188599 
2 185658 188587 
5 185660 188564 188571 188577 188588 
2 185662 188581 
2 185665 188583 
2 185666 188593 
2 185669 188594 
2 185670 188597 
2 185671 188567 
2 185673 188572 
2 185674 188573 
2 185675 188585 
2 185676 188586 
2 185677 188584 
2 185679 188579 
2 185680 188580 
2 185681 188568 
2 185682 188569 
2 185683 188570 
2 185694 188574 
2 185696 188575 
2 185699 188576 
2 185702 188582 
2 185703 188589 
2 185704 188590 
2 185707 188595 
2 185708 188596 
5 185710 188600 188601 188602 188603 
2 185714 188620 
2 185720 188639 
2 185722 188611 
2 185723 188629 
2 185725 188630 
2 185728 188631 
2 185729 188625 
2 185730 188613 
2 185732 188615 
2 185736 188610 
2 185737 188608 
2 185742 188638 
2 185743 188612 
2 185744 188632 
2 185745 188636 
2 185747 188627 
2 185749 188617 
2 185754 188609 
2 185756 188622 
2 185758 188637 
2 185765 188621 
2 185768 188614 
2 185769 188640 
2 185771 188641 
2 185772 188642 
2 185774 188604 
2 185777 188605 
2 185778 188606 
2 185780 188607 
2 185783 188623 
2 185786 188624 
2 185787 188618 
2 185789 188635 
2 185792 188626 
2 185793 188628 
2 185797 188633 
2 185798 188634 
2 185799 188619 
2 185800 188616 
