1363
5 188643 189391 189424 190669 190681 
1 188644 
5 188645 189428 189430 190626 190630 
7 188646 189385 189402 190624 190628 190646 190675 
5 188647 189386 189400 190633 190634 
7 188648 188649 188650 189437 189438 189441 189442 
7 188651 189511 189547 190954 190955 190958 190959 
5 188652 189505 189541 190928 190939 
7 188653 189518 189520 190933 190973 190981 190945 
1 188654 
5 188655 188656 188657 190931 190934 
9 188658 189572 189574 191003 191024 191032 191036 191037 191038 
7 188659 189681 189683 189693 189697 191015 191028 
5 188660 189686 189691 191031 191043 
5 188661 189548 189551 191405 191419 
5 188662 188663 188664 191047 191048 
7 188665 189560 189562 190618 190619 190891 190901 
1 188666 
5 188667 189887 189889 191923 191924 
5 188668 189907 189909 191941 191942 
5 188669 189849 189914 192005 192021 
5 188670 189874 189876 192040 192042 
7 188671 189819 189826 192026 192029 192102 192106 
1 188672 
11 188673 189952 189966 189994 189997 192143 192146 192157 192160 192290 192330 
5 188674 189996 190003 192144 192145 
5 188675 189965 189968 192259 192270 
1 188676 
5 188677 189934 189936 192250 192253 
5 188678 188679 188680 189951 189954 
5 188681 188682 188683 189967 189970 
1 188684 
1 188685 
5 188686 192419 192420 194687 194688 
5 188687 192428 192429 194695 194710 
1 188688 
9 188689 192409 192438 192480 192484 194722 194723 194727 194728 
5 188690 192482 192496 194742 194750 
7 188691 192478 192479 192483 192497 194693 194706 
9 188692 192492 192493 192494 192495 194689 194691 194707 194708 
5 188693 192463 192464 194749 194752 
7 188694 192713 192714 194826 194797 194800 194816 
7 188695 188696 188697 192704 192705 192725 192727 
1 188698 
5 188699 192695 192697 194804 194812 
7 188700 188701 194801 194815 188702 192706 192709 
9 188703 192610 192611 192613 192614 193033 193104 194799 194846 
9 188704 192803 192804 194981 194095 194349 194381 194473 194511 
5 188705 192769 192772 194833 194835 
9 188706 188707 188708 192759 192760 192763 192764 194854 194875 
5 188709 192787 192788 194837 194841 
5 188710 192794 192795 194844 194845 
1 188711 
7 188712 193690 193692 195157 195158 195161 195165 
7 188713 193673 193694 195140 195141 195142 195143 
5 188714 188715 188716 193766 193777 
1 188717 
5 188718 188719 188720 193772 193776 
7 188721 193922 193934 194051 194061 195285 195289 
5 188722 194011 194013 195240 195242 
1 188723 
7 188724 194039 194040 194042 194043 195293 195312 
7 188725 193982 193983 193985 193986 195253 195274 
9 188726 188928 188933 188934 188936 188937 188938 189285 189289 
7 188727 188835 188836 188837 188860 189419 189423 
5 188728 188729 188730 189042 189052 
5 188731 189041 189043 189603 189612 
7 188732 189047 189049 189625 189626 189627 189628 
5 188733 189055 189057 189614 189629 
5 188734 189077 189079 189694 189700 
7 188735 189737 189744 190266 190267 190284 190289 
5 188736 189729 189738 190285 190296 
5 188737 189824 189827 190298 190301 
5 188738 189801 189817 190306 190307 
5 188739 189859 189861 190328 190339 
5 188740 189815 189816 190302 190304 
5 188741 189822 189823 190313 190315 
7 188742 188743 188744 190045 190059 190375 190376 
5 188745 190020 190040 190390 190392 
5 188746 188747 188748 190032 190033 
7 188749 190029 190030 190044 190071 190374 190387 
5 188750 190031 190113 190356 190440 
5 188751 190112 190114 190409 190410 
7 188752 190107 190122 190414 190415 190418 190419 
7 188753 190097 190099 190431 190442 190445 190449 
7 188754 188755 188756 190407 190411 190438 190441 
9 188757 190106 190110 190115 190116 190118 190120 190432 190443 
5 188758 190109 190111 190540 190558 
5 188759 188809 188833 188957 188965 
7 188760 188844 188845 188847 188848 188946 188951 
5 188761 189009 189011 189173 189181 
5 188762 188763 188767 188932 188943 
9 188764 188993 188994 188995 189075 189099 189102 189110 189207 
11 188765 189098 189100 189195 189205 189215 189263 189264 189265 189269 189270 
7 188766 189093 189095 189192 189193 189196 189197 
5 188768 188827 188829 188981 188984 
7 188769 188839 188842 188846 188859 188865 188879 
5 188770 188838 188840 188878 188881 
5 188771 188841 188843 188888 188891 
5 188772 188786 188788 188816 188820 
5 188773 188790 188792 188826 188831 
5 188774 188793 188795 188815 188818 
5 188775 188776 188777 188778 188794 
5 188779 188780 188782 188785 188791 
5 188781 188783 188784 188787 188803 
3 188789 188802 188801 
5 188796 188798 188797 188799 188800 
5 188804 188806 188805 188807 188808 
5 188810 188812 188811 188813 188814 
1 188817 
5 188819 188828 188825 188830 188832 
5 188821 188822 188823 188824 188834 
5 188849 188851 188850 188852 188853 
5 188854 188856 188855 188857 188858 
5 188861 188902 188862 188900 188901 
3 188863 188864 188899 
7 188866 188869 188867 188868 188870 188871 188872 
5 188873 188875 188874 188876 188877 
1 188880 
5 188882 188884 188883 188885 188886 
5 188887 188890 188889 188897 188898 
5 188892 188894 188893 188895 188896 
5 188903 188989 188987 188988 188990 
5 188904 188906 188905 188907 188908 
5 188909 188986 188910 188983 188985 
5 188911 188913 188912 188914 188915 
5 188916 188923 188922 188924 188925 
5 188917 188919 188918 188920 188921 
5 188926 188982 188927 188967 188969 
5 188929 188930 188931 188935 188950 
5 188939 188941 188940 188942 188944 
1 188945 
7 188947 188966 188948 188949 188963 188964 188970 
5 188952 188954 188953 188955 188956 
5 188958 188960 188959 188961 188962 
1 188968 
5 188971 188973 188972 188974 188975 
5 188976 188978 188977 188979 188980 
5 188991 188999 189013 189038 189062 
5 188992 189006 189028 189044 189048 
5 188996 189082 189084 189089 189092 
5 188997 189012 189014 189037 189040 
5 188998 189027 189029 189058 189061 
5 189000 189001 189002 189020 189026 
5 189003 189005 189004 189007 189008 
1 189010 
5 189015 189017 189016 189018 189019 
5 189021 189023 189022 189024 189025 
5 189030 189065 189031 189063 189064 
5 189032 189034 189033 189035 189036 
5 189039 189046 189045 189050 189051 
5 189053 189056 189054 189059 189060 
5 189066 189088 189067 189086 189087 
7 189068 189071 189069 189070 189072 189073 189074 
5 189076 189080 189078 189081 189083 
1 189085 
5 189090 189094 189091 189096 189097 
1 189101 
5 189103 189204 189214 189230 189240 
5 189104 189105 189202 189242 189248 
7 189106 189122 189123 189125 189126 189165 189167 
5 189107 189198 189200 189247 189250 
5 189108 189130 189133 189164 189168 
5 189109 189149 189151 189174 189177 
5 189111 189155 189156 189183 189186 
5 189112 189210 189113 189211 189212 
1 189114 
5 189115 189116 189117 189158 189159 
5 189118 189120 189119 189121 189127 
5 189124 189132 189131 189150 189154 
5 189128 189157 189129 189152 189153 
5 189134 189136 189135 189137 189138 
5 189139 189141 189140 189142 189148 
5 189143 189145 189144 189146 189147 
5 189160 189161 189162 189163 189189 
5 189166 189178 189169 189175 189176 
5 189170 189171 189172 189179 189180 
5 189182 189187 189184 189185 189188 
5 189190 189209 189206 189208 189213 
5 189191 189194 189199 189201 189203 
7 189216 189227 189228 189229 189266 189267 189268 
5 189217 189219 189218 189220 189221 
5 189222 189224 189223 189225 189226 
3 189231 189239 189249 
7 189232 189235 189233 189234 189236 189237 189238 
5 189241 189244 189243 189245 189246 
5 189251 189253 189252 189254 189255 
7 189256 189259 189257 189258 189260 189261 189262 
5 189271 189284 189287 189373 189417 
11 189272 189469 189478 189513 189517 189536 189544 189639 189650 189653 189666 
9 189273 189473 189474 189475 189476 189655 189656 189664 189665 
5 189274 189495 189496 189637 189641 
5 189275 189276 189277 189679 189687 
7 189278 189559 189561 189590 189592 189678 189689 
5 189279 189588 189591 189692 189698 
5 189280 189504 189509 189669 189671 
5 189281 189468 189470 189651 189670 
7 189282 189331 189332 189334 189353 189389 189403 
5 189283 189335 189337 189412 189415 
5 189286 189309 189307 189308 189310 
5 189288 189296 189295 189297 189311 
5 189290 189292 189291 189293 189294 
1 189298 
5 189299 189301 189300 189302 189303 
5 189304 189305 189306 189354 189355 
5 189312 189330 189324 189333 189336 
1 189313 
5 189314 189316 189315 189317 189318 
5 189319 189321 189320 189322 189323 
5 189325 189327 189326 189328 189329 
5 189338 189340 189339 189341 189342 
5 189343 189345 189344 189346 189347 
5 189348 189350 189349 189351 189352 
5 189356 189433 189434 189435 189451 
7 189357 189360 189358 189359 189363 189364 189365 
5 189361 189362 189366 189367 189431 
5 189368 189370 189369 189371 189372 
7 189374 189413 189420 189421 189422 189443 189444 
5 189375 189440 189379 189436 189439 
5 189376 189407 189378 189406 189408 
5 189377 189381 189380 189382 189383 
5 189384 189388 189387 189390 189404 
5 189392 189394 189393 189395 189396 
7 189397 189405 189398 189401 189409 189410 189411 
5 189399 189427 189418 189425 189429 
5 189414 189432 189416 189450 189426 
5 189445 189447 189446 189448 189449 
5 189452 189460 189462 189534 189538 
7 189453 189552 189554 189557 189558 189578 189586 
7 189454 189482 189512 189540 189464 189465 189467 
5 189455 189477 189479 189506 189510 
5 189456 189466 189480 189507 189516 
5 189457 189487 189492 189526 189532 
5 189458 189553 189555 189577 189580 
5 189459 189497 189499 189539 189542 
5 189461 189502 189500 189501 189503 
5 189463 189485 189471 189486 189493 
5 189472 189488 189481 189494 189498 
5 189483 189489 189484 189490 189491 
5 189508 189543 189537 189545 189546 
5 189514 189519 189515 189533 189535 
5 189521 189523 189522 189524 189525 
5 189527 189529 189528 189530 189531 
5 189549 189566 189564 189565 189567 
3 189550 189563 189556 
5 189568 189571 189569 189573 189583 
5 189570 189584 189585 189587 189589 
5 189575 189579 189576 189581 189582 
5 189593 189600 189608 189672 189673 
5 189594 189604 189609 189654 189661 
7 189595 189606 189607 189610 189611 189652 189668 
5 189596 189677 189690 189696 189699 
9 189597 189616 189617 189618 189620 189621 189622 189644 189649 
5 189598 189613 189624 189657 189674 
5 189599 189605 189630 189667 189675 
5 189601 189623 189602 189615 189619 
5 189631 189634 189632 189633 189635 
5 189636 189642 189643 189648 189658 
5 189638 189645 189640 189646 189647 
5 189659 189660 189662 189663 189676 
5 189680 189684 189682 189685 189688 
5 189695 189703 189701 189702 189704 
7 189705 189774 189776 189778 189781 189852 189872 
5 189706 189795 189799 189848 189912 
7 189707 189777 189784 189791 189793 189877 189881 
5 189708 189709 189710 189851 189855 
7 189711 189779 189780 189782 189783 189846 189850 
5 189712 189713 189715 189745 189748 
5 189714 189950 189953 190028 190039 
5 189716 189993 189995 190057 190076 
9 189717 189969 189971 189972 189974 189975 189976 190042 190070 
5 189718 189983 189985 190058 190072 
7 189719 189720 189721 190086 190089 190117 190121 
7 189722 189947 189949 190084 190085 190087 190103 
5 189723 189749 189751 189895 189898 
7 189724 189766 189767 189768 189769 189916 189920 
5 189725 189770 189771 189928 189931 
7 189726 189790 189792 189800 189821 189825 189833 
5 189727 189773 189775 189828 189834 
5 189728 189730 189731 189757 189759 
5 189732 189734 189733 189735 189736 
5 189739 189741 189740 189742 189743 
7 189746 189753 189747 189750 189754 189755 189756 
3 189752 189758 189765 
5 189760 189762 189761 189763 189764 
5 189772 189797 189794 189796 189798 
5 189785 189787 189786 189788 189789 
5 189802 189830 189818 189820 189836 
5 189803 189805 189804 189806 189807 
7 189808 189811 189809 189810 189812 189813 189814 
5 189829 189832 189831 189835 189837 
5 189838 189839 189840 189930 189932 
5 189841 189843 189842 189844 189845 
5 189847 189857 189873 189875 189933 
1 189853 
5 189854 189913 189856 189858 189860 
5 189862 189868 189863 189870 189871 
5 189864 189866 189865 189867 189869 
5 189878 189880 189879 189882 189883 
5 189884 189886 189885 189888 189896 
5 189890 189892 189891 189893 189894 
7 189897 189901 189899 189900 189902 189903 189904 
5 189905 189908 189906 189910 189911 
7 189915 189919 189917 189918 189921 189922 189929 
5 189923 189925 189924 189926 189927 
5 189935 190006 189948 190004 190005 
5 189937 189939 189938 189940 189941 
5 189942 189944 189943 189945 189946 
5 189955 189957 189956 189958 189959 
5 189960 189962 189961 189963 189964 
5 189973 189984 189977 189986 189992 
5 189978 189980 189979 189981 189982 
5 189987 189989 189988 189990 189991 
5 189998 190000 189999 190001 190002 
7 190007 190010 190008 190009 190011 190012 190013 
9 190014 190018 190019 190021 190022 190043 190046 190054 190055 
5 190015 190047 190048 190104 190105 
5 190016 190050 190051 190090 190096 
5 190017 190093 190095 190108 190119 
5 190023 190025 190024 190026 190027 
5 190034 190036 190035 190037 190038 
5 190041 190075 190073 190074 190077 
5 190049 190052 190053 190056 190078 
5 190060 190062 190061 190063 190064 
5 190065 190067 190066 190068 190069 
5 190079 190081 190080 190082 190083 
3 190088 190091 190092 
5 190094 190100 190098 190101 190102 
5 190123 190200 190215 190337 190346 
5 190124 190391 190399 190479 190487 
9 190125 190148 190149 190151 190152 190253 190254 190256 190257 
5 190126 190350 190352 190482 190483 
5 190127 190128 190129 190155 190158 
5 190130 190349 190351 190474 190485 
5 190131 190164 190167 190311 190314 
5 190132 190133 190134 190191 190194 
5 190135 190201 190237 190244 190261 
5 190136 190204 190206 190333 190336 
5 190137 190138 190139 190490 190493 
9 190140 190218 190231 190252 190255 190265 190269 190270 190290 
7 190141 190220 190221 190229 190230 190327 190332 
13 190142 190444 190446 190491 190495 190496 190510 190515 190565 190348 190412 190416 190448 
7 190143 190224 190225 190227 190228 190340 190344 
5 190144 190364 190365 190486 190488 
9 190145 190226 190146 190147 190216 190219 190222 190223 190238 
7 190150 190153 190154 190156 190157 190205 190214 
1 190159 
5 190160 190162 190161 190163 190168 
5 190165 190190 190166 190192 190193 
9 190169 190173 190170 190171 190172 190174 190175 190176 190177 
5 190178 190179 190180 190181 190182 
7 190183 190186 190184 190185 190187 190188 190189 
5 190195 190197 190196 190198 190199 
5 190202 190207 190203 190208 190209 
5 190210 190212 190211 190213 190217 
5 190232 190234 190233 190235 190236 
5 190239 190243 190246 190276 190287 
5 190240 190305 190308 190331 190335 
7 190241 190303 190310 190329 190330 190334 190338 
5 190242 190258 190263 190275 190288 
5 190245 190262 190259 190260 190264 
5 190247 190249 190248 190250 190251 
5 190268 190282 190271 190281 190286 
7 190272 190273 190274 190277 190279 190294 190295 
5 190278 190293 190280 190291 190292 
1 190283 
7 190297 190309 190299 190300 190312 190320 190321 
5 190316 190318 190317 190319 190322 
3 190323 190325 190326 
5 190324 190343 190341 190342 190345 
5 190347 190408 190413 190439 190447 
5 190353 190355 190354 190362 190363 
5 190357 190359 190358 190360 190361 
5 190366 190367 190368 190369 190398 
5 190370 190371 190372 190373 190388 
7 190377 190380 190378 190379 190381 190382 190383 
5 190384 190385 190389 190400 190401 
1 190386 
5 190393 190395 190394 190396 190397 
5 190402 190427 190424 190425 190428 
5 190403 190404 190405 190406 190426 
5 190417 190421 190420 190422 190423 
5 190429 190452 190430 190450 190451 
5 190433 190435 190434 190436 190437 
5 190453 190465 190471 190475 190476 
5 190454 190472 190484 190499 190500 
3 190455 190467 190466 
7 190456 190489 190507 190513 190514 190517 190518 
5 190457 190505 190509 190512 190566 
5 190458 190460 190459 190461 190462 
5 190463 190470 190464 190468 190469 
5 190473 190478 190477 190480 190481 
5 190492 190508 190494 190497 190498 
5 190501 190503 190502 190504 190506 
5 190511 190569 190567 190568 190570 
5 190516 190520 190519 190521 190522 
5 190523 190530 190529 190531 190532 
5 190524 190526 190525 190527 190528 
5 190533 190535 190534 190536 190537 
5 190538 190541 190539 190557 190564 
5 190542 190544 190543 190545 190546 
5 190547 190549 190548 190550 190551 
5 190552 190554 190553 190555 190556 
5 190559 190561 190560 190562 190563 
5 190571 190712 190713 191086 191117 
9 190572 191446 191447 191456 191457 191482 191487 192074 192115 
5 190573 190574 190575 191084 191087 
11 190576 190710 190743 190771 190781 191096 191097 191136 191137 191195 191198 
5 190577 191458 191463 192075 192079 
5 190578 191454 191455 192082 192085 
5 190579 191512 191520 192043 192117 
5 190580 191548 191549 192069 192072 
5 190581 190770 190777 191070 191085 
9 190582 191529 191530 191546 191550 192095 192096 192116 192120 
5 190583 190584 190585 191329 191330 
5 190586 190587 190588 190715 190718 
5 190589 191543 191555 192094 192097 
7 190590 190631 190632 190720 190723 191134 191135 
5 190591 190725 190727 191124 191139 
5 190592 190858 190860 191351 191353 
5 190593 191519 191521 192107 192118 
9 190594 191544 191545 191648 191649 191652 191656 192045 192056 
5 190595 191810 191813 192288 192291 
5 190596 190888 190890 191414 191417 
5 190597 191783 191785 192151 192154 
9 190598 191766 191767 191768 191769 191770 191771 192163 192164 
5 190599 191823 191825 192181 192183 
5 190600 191866 191898 192172 192178 
7 190601 190824 190825 191331 191349 191350 191355 
7 190602 191890 191892 192179 192192 192194 192210 
5 190603 190739 190755 191098 191113 
5 190604 191876 191878 192169 192177 
5 190605 191891 191894 192189 192190 
5 190606 191895 191897 192193 192196 
5 190607 191834 191836 192202 192205 
5 190608 190795 190798 190963 190979 
5 190609 190636 190707 190744 190783 
5 190610 190792 190799 190977 190978 
5 190611 190794 190796 190985 190988 
5 190612 190623 190625 190742 190745 
5 190613 190627 190629 190709 190780 
5 190614 190635 190637 190734 190737 
5 190615 190900 190904 191001 191005 
5 190616 190875 190879 191017 191020 
5 190617 190689 190692 190748 190751 
5 190620 190885 190887 191007 191009 
7 190621 190817 190818 190989 190990 190991 190992 
5 190622 190706 190708 190779 190782 
5 190638 190641 190639 190642 190643 
7 190640 190644 190652 190653 190651 190682 190686 
5 190645 190648 190647 190649 190650 
5 190654 190656 190655 190657 190663 
5 190658 190660 190659 190661 190662 
5 190664 190666 190665 190667 190668 
5 190670 190672 190671 190673 190674 
5 190676 190678 190677 190679 190680 
5 190683 190685 190684 190687 190688 
5 190690 190693 190691 190694 190705 
5 190695 190697 190696 190698 190699 
5 190700 190702 190701 190703 190704 
7 190711 190746 190721 190724 190726 190731 190776 
5 190714 190717 190716 190719 190722 
5 190728 190730 190729 190732 190733 
5 190735 190738 190736 190740 190741 
5 190747 190750 190749 190752 190753 
5 190754 190762 190756 190763 190764 
5 190757 190759 190758 190760 190761 
5 190765 190767 190766 190768 190769 
5 190772 190774 190773 190775 190778 
5 190784 190800 190806 190831 190855 
5 190785 190874 190876 190882 190886 
7 190786 190861 190877 190878 190880 190889 190909 
5 190787 190805 190807 190826 190829 
5 190788 190869 190871 190881 190884 
5 190789 190797 190811 190833 190850 
5 190790 190814 190816 190847 190851 
5 190791 190815 190793 190808 190813 
5 190801 190803 190804 190819 190821 
5 190802 190809 190810 190812 190820 
7 190822 190823 190827 190828 190830 190852 190853 
5 190832 190854 190856 190857 190859 
5 190834 190836 190835 190837 190838 
5 190839 190846 190843 190848 190849 
5 190840 190842 190841 190844 190845 
5 190862 190864 190863 190865 190866 
5 190867 190870 190868 190872 190873 
5 190883 190893 190892 190894 190908 
5 190895 190897 190896 190898 190899 
5 190902 190905 190903 190906 190907 
5 190910 190936 190947 190983 190986 
5 190911 191018 191021 191035 191049 
5 190912 190914 190913 191006 191039 
7 190915 190946 190948 190967 190968 190975 190976 
5 190916 191023 191027 191041 191046 
5 190917 190919 190918 190920 190937 
5 190921 190923 190922 190924 190926 
5 190925 190927 190932 190935 190960 
5 190929 190938 190930 190940 190941 
5 190942 190944 190943 190956 190957 
5 190949 190951 190950 190952 190953 
7 190961 190962 190966 190972 190974 190980 190993 
5 190964 190969 190965 190970 190971 
3 190982 190987 190984 
5 190994 190995 190996 191025 191026 
5 190997 191019 190998 191004 191022 
5 190999 191002 191000 191008 191010 
5 191011 191013 191012 191014 191016 
3 191029 191034 191045 
5 191030 191044 191033 191040 191042 
5 191050 191116 191118 191172 191179 
9 191051 191052 191053 191067 191073 191074 191076 191129 191138 
7 191054 191061 191063 191148 191173 191174 191205 
5 191055 191226 191227 191362 191383 
5 191056 191057 191058 191337 191340 
7 191059 191088 191090 191176 191177 191180 191181 
5 191060 191292 191295 191418 191422 
5 191062 191299 191302 191388 191389 
7 191064 191221 191230 191327 191334 191376 191379 
5 191065 191128 191130 191191 191194 
13 191066 191233 191234 191237 191238 191264 191265 191270 191271 191338 191339 191345 191346 
7 191068 191142 191069 191077 191126 191140 191141 
5 191071 191075 191072 191114 191115 
1 191078 
5 191079 191081 191080 191082 191083 
1 191089 
5 191091 191093 191092 191094 191095 
7 191099 191102 191100 191101 191103 191104 191105 
7 191106 191109 191107 191108 191110 191111 191112 
5 191119 191121 191120 191122 191123 
5 191125 191131 191127 191132 191133 
5 191143 191145 191144 191146 191147 
5 191149 191154 191193 191196 191197 
5 191150 191152 191151 191153 191166 
9 191155 191159 191156 191157 191158 191160 191161 191164 191165 
7 191162 191168 191163 191167 191169 191170 191171 
7 191175 191189 191178 191188 191190 191192 191207 
3 191182 191206 191204 
5 191183 191185 191184 191186 191187 
5 191199 191201 191200 191202 191203 
7 191208 191219 191220 191268 191273 191277 191280 
5 191209 191218 191222 191267 191272 
5 191210 191217 191228 191243 191263 
5 191211 191282 191284 191293 191296 
5 191212 191289 191290 191301 191318 
5 191213 191231 191236 191255 191276 
5 191214 191224 191241 191278 191281 
5 191215 191216 191225 191239 191242 
5 191223 191232 191229 191235 191240 
4 191244 191245 191246 195844 
5 191247 191254 191248 191256 191262 
5 191249 191251 191250 191252 191253 
5 191257 191259 191258 191260 191261 
5 191266 191274 191269 191275 191279 
5 191283 191285 191286 191287 191288 
5 191291 191297 191298 191322 191323 
5 191294 191309 191312 191313 191321 
5 191300 191304 191303 191305 191306 
5 191307 191310 191308 191311 191320 
5 191314 191316 191315 191317 191319 
11 191324 191390 191393 191397 191399 191400 191401 191406 191407 191412 191415 
5 191325 191326 191328 191352 191354 
5 191332 191335 191333 191336 191343 
5 191341 191344 191342 191347 191348 
5 191356 191357 191358 191359 191384 
5 191360 191363 191364 191377 191380 
5 191361 191365 191378 191381 191382 
5 191366 191368 191367 191369 191370 
5 191371 191373 191372 191374 191375 
5 191385 191386 191391 191392 191402 
7 191387 191398 191394 191395 191396 191403 191404 
5 191408 191409 191410 191413 191425 
5 191411 191420 191416 191423 191424 
1 191421 
7 191426 191503 191508 191518 191522 191664 191677 
5 191427 191479 191484 191573 191577 
7 191428 191745 191752 191803 191818 191824 191896 
5 191429 191504 191523 191659 191682 
7 191430 191702 191703 191705 191706 191815 191820 
5 191431 191524 191525 191674 191679 
7 191432 191498 191499 191596 191623 191626 191627 
5 191433 191730 191732 191811 191816 
5 191434 191735 191737 191826 191835 
5 191435 191481 191483 191567 191568 
5 191436 191506 191511 191663 191678 
7 191437 191490 191491 191584 191585 191588 191589 
5 191438 191505 191510 191532 191547 
5 191439 191507 191509 191531 191551 
5 191440 191459 191461 191474 191477 
5 191441 191442 191443 191444 191460 
1 191445 
5 191448 191462 191464 191465 191466 
5 191449 191451 191450 191452 191453 
7 191467 191473 191468 191469 191470 191471 191472 
5 191475 191500 191476 191489 191497 
5 191478 191488 191480 191485 191486 
5 191492 191494 191493 191495 191496 
5 191501 191528 191502 191526 191527 
5 191513 191515 191514 191516 191517 
5 191533 191540 191539 191541 191542 
5 191534 191536 191535 191537 191538 
5 191552 191554 191553 191556 191557 
5 191558 191641 191643 191665 191680 
5 191559 191574 191576 191621 191624 
5 191560 191562 191561 191563 191564 
5 191565 191593 191575 191592 191594 
5 191566 191570 191569 191571 191572 
5 191578 191581 191579 191583 191587 
5 191580 191586 191582 191590 191591 
7 191595 191625 191605 191609 191610 191619 191622 
5 191597 191618 191598 191616 191617 
5 191599 191607 191606 191608 191620 
5 191600 191602 191601 191603 191604 
5 191611 191613 191612 191614 191615 
7 191628 191651 191629 191645 191646 191650 191658 
5 191630 191631 191633 191634 191644 
5 191632 191647 191640 191642 191657 
5 191635 191637 191636 191638 191639 
4 191653 191654 191655 195845 
5 191660 191661 191662 191675 191681 
5 191666 191668 191667 191669 191670 
5 191671 191673 191672 191676 191683 
5 191684 191686 191685 191687 191688 
7 191689 191692 191690 191691 191693 191694 191695 
5 191696 191757 191697 191755 191756 
5 191698 191699 191700 191701 191754 
5 191704 191736 191707 191738 191739 
7 191708 191711 191709 191710 191731 191733 191734 
5 191712 191714 191713 191715 191716 
5 191717 191719 191718 191720 191721 
5 191722 191724 191723 191751 191753 
5 191725 191727 191726 191728 191729 
5 191740 191742 191741 191743 191744 
5 191746 191748 191747 191749 191750 
7 191758 191821 191854 191865 191874 191884 191893 
5 191759 191822 191858 191867 191870 
5 191760 191772 191773 191871 191873 
5 191761 191775 191784 191808 191814 
5 191762 191796 191799 191809 191812 
5 191763 191842 191844 191872 191875 
5 191764 191798 191765 191777 191797 
5 191774 191802 191800 191801 191804 
1 191776 
5 191778 191780 191779 191781 191782 
5 191786 191788 191787 191789 191790 
5 191791 191793 191792 191794 191795 
5 191805 191806 191807 191817 191819 
5 191827 191829 191828 191830 191831 
5 191832 191855 191833 191856 191857 
5 191837 191843 191838 191852 191853 
5 191839 191841 191840 191845 191846 
5 191847 191849 191848 191850 191851 
5 191859 191861 191860 191862 191863 
5 191864 191868 191869 191883 191899 
5 191877 191880 191879 191881 191882 
5 191885 191887 191886 191888 191889 
5 191900 191959 191964 192089 192108 
9 191901 192141 192142 192152 192155 192266 192271 192331 192332 
5 191902 192209 192228 192265 192285 
5 191903 191957 191958 192071 192114 
9 191904 192137 192139 192147 192148 192161 192165 192281 192286 
9 191905 191983 191985 192032 192041 192076 192080 192090 192091 
7 191906 191907 191908 192133 192134 192135 192136 
5 191909 192214 192238 192287 192297 
5 191910 192035 192038 192044 192047 
5 191911 191912 191913 192195 192198 
5 191914 191992 191993 192098 192101 
5 191915 191916 191917 192320 192323 
5 191918 191987 191989 192023 192024 
5 191919 191938 191939 191956 191961 
5 191920 191969 191984 192022 192025 
5 191921 191936 191937 192028 192030 
5 191922 191994 191996 192034 192037 
3 191925 191940 191948 
5 191926 191928 191927 191929 191935 
5 191930 191932 191931 191933 191934 
5 191943 191945 191944 191946 191947 
5 191949 191950 191951 191952 191960 
5 191953 191955 191954 191962 191963 
5 191965 191966 191967 191998 191999 
5 191968 191970 191986 191995 191997 
5 191971 191991 191972 191988 191990 
5 191973 191975 191974 191976 191977 
5 191978 191980 191979 191981 191982 
5 192000 192002 192001 192003 192004 
5 192006 192039 192007 192027 192033 
5 192008 192010 192009 192011 192012 
5 192013 192018 192017 192019 192020 
5 192014 192015 192016 192031 192036 
5 192046 192048 192054 192055 192103 
5 192049 192051 192050 192052 192053 
7 192057 192060 192058 192059 192061 192062 192063 
5 192064 192073 192070 192081 192088 
5 192065 192067 192066 192068 192077 
5 192078 192083 192104 192105 192119 
7 192084 192092 192086 192087 192093 192099 192100 
5 192109 192111 192110 192112 192113 
5 192121 192123 192122 192124 192125 
5 192126 192128 192127 192129 192130 
5 192131 192168 192171 192203 192207 
5 192132 192138 192140 192149 192162 
5 192150 192156 192153 192158 192159 
5 192166 192175 192167 192182 192191 
5 192170 192174 192173 192176 192180 
5 192184 192186 192185 192187 192188 
7 192197 192212 192200 192201 192204 192206 192239 
3 192199 192213 192236 
1 192208 
5 192211 192226 192224 192227 192237 
5 192215 192217 192216 192218 192225 
5 192219 192221 192220 192222 192223 
7 192229 192232 192230 192231 192233 192234 192235 
5 192240 192246 192247 192333 192334 
5 192241 192243 192242 192244 192245 
5 192248 192327 192249 192328 192329 
5 192251 192326 192252 192289 192325 
5 192254 192256 192255 192257 192258 
5 192260 192262 192261 192263 192264 
5 192267 192269 192268 192275 192276 
5 192272 192274 192273 192277 192278 
5 192279 192282 192280 192283 192284 
5 192292 192294 192293 192295 192296 
5 192298 192302 192299 192305 192307 
5 192300 192303 192301 192304 192306 
5 192308 192315 192314 192316 192317 
5 192309 192311 192310 192312 192313 
5 192318 192321 192319 192322 192324 
5 192335 192561 192587 192850 192874 
5 192336 192559 192563 192847 192864 
7 192337 192338 192339 192832 192833 192835 192839 
5 192340 192541 192560 192826 192827 
7 192341 192544 192558 192862 192863 192871 192872 
9 192342 192542 192543 192545 192546 192838 192840 192852 192876 
5 192343 192564 192566 192824 192825 
9 192344 192345 192346 192655 192676 193150 193151 193155 193157 
7 192347 192592 192603 192656 192674 193054 193057 
9 192348 192675 192677 192698 192701 193125 193126 193154 193156 
7 192349 192605 192606 192608 192609 193118 193122 
5 192350 192615 192617 193096 193107 
5 192351 192765 192767 193110 193113 
11 192352 192631 192633 193181 193182 193183 193184 193187 193188 193189 193190 
5 192353 193269 193270 193684 193691 
5 192354 193245 193247 193799 193814 
5 192355 193395 193398 193829 193833 
5 192356 193230 193280 193794 193805 
11 192357 193285 193291 193331 193347 193441 193450 193460 193862 193873 193433 
7 192358 192359 192360 193311 193312 193314 193315 
5 192361 193446 193448 193902 193908 
5 192362 193344 193346 193860 193866 
5 192363 193324 193325 193863 193864 
5 192364 193557 193566 193921 193937 
5 192365 193559 193562 193941 193975 
5 192366 193544 193545 193972 193977 
7 192367 193570 193572 193939 193981 193940 193973 
7 192368 193532 193533 193534 193535 193942 193946 
5 192369 192370 192371 193536 193538 
7 192372 193620 193628 193630 193647 193970 193974 
5 192373 193627 193629 193948 193951 
9 192374 192375 192376 193610 193611 193614 193615 193637 193642 
7 192377 192435 192442 192503 192523 192524 192538 
7 192378 192379 192380 192430 192431 192437 192439 
5 192381 192443 192454 192537 192540 
5 192382 192436 192477 192504 192589 
5 192383 192635 192637 192715 192745 
9 192384 192385 192386 192619 192620 192632 192638 192652 192654 
5 192387 192634 192636 192750 192775 
5 192388 192651 192653 192749 192752 
5 192389 192444 192446 192573 192576 
5 192390 192470 192472 192488 192491 
7 192391 192402 192408 192417 192418 192432 192445 
5 192392 192411 192426 192433 192440 
5 192393 192394 192395 192412 192427 
1 192396 
5 192397 192399 192398 192400 192401 
5 192403 192405 192404 192406 192407 
5 192410 192414 192413 192415 192416 
5 192421 192423 192422 192424 192425 
5 192434 192441 192455 192456 192457 
7 192447 192450 192448 192449 192451 192452 192453 
5 192458 192460 192459 192461 192462 
5 192465 192467 192466 192468 192469 
5 192471 192474 192473 192475 192476 
5 192481 192500 192498 192499 192501 
5 192485 192487 192486 192489 192490 
7 192502 192565 192539 192557 192562 192579 192580 
7 192505 192536 192511 192512 192535 192590 192591 
5 192506 192508 192507 192509 192510 
5 192513 192515 192514 192516 192517 
5 192518 192520 192519 192521 192522 
5 192525 192527 192526 192533 192534 
5 192528 192530 192529 192531 192532 
5 192547 192549 192548 192550 192553 
5 192551 192554 192552 192555 192556 
5 192567 192575 192574 192577 192578 
5 192568 192570 192569 192571 192572 
7 192581 192584 192582 192583 192585 192586 192588 
5 192593 192595 192594 192596 192597 
5 192598 192600 192599 192601 192602 
5 192604 192612 192607 192616 192618 
5 192621 192623 192622 192624 192625 
5 192626 192628 192627 192629 192630 
5 192639 192641 192640 192642 192643 
7 192644 192647 192645 192646 192648 192649 192650 
5 192657 192659 192658 192660 192661 
7 192662 192665 192663 192664 192666 192667 192668 
5 192669 192671 192670 192672 192673 
5 192678 192766 192771 192781 192801 
5 192679 192699 192702 192718 192743 
5 192680 192753 192755 192780 192802 
5 192681 192682 192683 192700 192703 
7 192684 192687 192685 192686 192688 192689 192690 
5 192691 192693 192692 192694 192696 
5 192707 192710 192708 192711 192712 
5 192716 192736 192729 192735 192742 
5 192717 192721 192719 192726 192744 
5 192720 192722 192723 192724 192737 
5 192728 192740 192738 192739 192741 
5 192730 192732 192731 192733 192734 
5 192746 192779 192747 192777 192778 
5 192748 192761 192762 192774 192776 
5 192751 192756 192754 192757 192758 
3 192768 192773 192770 
5 192782 192798 192783 192799 192800 
5 192784 192786 192785 192796 192797 
5 192789 192791 192790 192792 192793 
5 192805 192885 192892 192985 192986 
5 192806 193034 193036 193175 193176 
7 192807 193024 193026 193160 193161 193171 193174 
5 192808 193031 193032 193159 193162 
5 192809 192828 192831 192947 192969 
5 192810 192814 192823 192975 192994 
5 192811 192812 192813 193018 193021 
5 192815 192851 192861 192930 192943 
7 192816 193098 193100 193168 193169 193172 193173 
5 192817 193020 193027 193191 193194 
5 192818 193014 193016 193140 193144 
5 192819 192820 192821 192900 192905 
9 192822 192893 192897 192898 192904 192906 192907 192965 192979 
5 192829 192834 192830 192836 192837 
5 192841 192843 192842 192845 192846 
1 192844 
5 192848 192883 192875 192882 192884 
5 192849 192894 192891 192895 192899 
1 192853 
7 192854 192857 192855 192856 192858 192859 192860 
5 192865 192916 192873 192914 192915 
5 192866 192868 192867 192869 192870 
5 192877 192879 192878 192880 192881 
5 192886 192888 192887 192889 192890 
5 192896 192902 192901 192903 192913 
5 192908 192910 192909 192911 192912 
5 192917 192921 192918 192944 192966 
5 192919 192922 192920 192937 192942 
7 192923 192946 192924 192973 192983 192995 193003 
5 192925 192927 192926 192928 192929 
7 192931 192933 192932 192934 192948 192945 192998 
5 192935 192938 192936 192939 192940 
5 192941 192957 192953 192968 192970 
5 192949 192954 192951 192955 192956 
7 192950 192952 192984 192989 193001 193002 193004 
7 192958 192961 192959 192960 192962 192963 192964 
5 192967 192972 192971 192974 192976 
5 192977 192980 192978 192981 192982 
5 192987 192990 192988 192991 192993 
5 192992 192997 192996 192999 193000 
9 193005 193085 193087 193088 193090 193094 193097 193101 193102 
5 193006 193084 193086 193093 193099 
7 193007 193019 193022 193023 193037 193066 193076 
7 193008 193025 193028 193029 193035 193047 193050 
5 193009 193079 193081 193095 193105 
5 193010 193089 193091 193103 193106 
5 193011 193013 193012 193015 193017 
5 193030 193040 193038 193039 193041 
9 193042 193046 193043 193044 193045 193048 193049 193053 193055 
5 193051 193059 193056 193060 193062 
1 193052 
5 193058 193063 193068 193074 193075 
5 193061 193064 193065 193067 193077 
5 193069 193071 193070 193072 193073 
5 193078 193080 193082 193083 193092 
7 193108 193206 193109 193111 193178 193193 193205 
5 193112 193115 193114 193116 193117 
5 193119 193121 193120 193123 193124 
5 193127 193128 193129 193158 193177 
5 193130 193132 193131 193133 193134 
5 193135 193137 193136 193138 193139 
5 193141 193143 193142 193152 193153 
5 193145 193147 193146 193148 193149 
5 193163 193165 193164 193167 193170 
1 193166 
5 193179 193185 193180 193186 193192 
5 193195 193197 193196 193198 193199 
5 193200 193202 193201 193203 193204 
5 193207 193274 193277 193369 193374 
7 193208 193304 193306 193308 193309 193415 193420 
5 193209 193210 193211 193307 193310 
5 193212 193327 193329 193444 193465 
5 193213 193282 193284 193452 193461 
5 193214 193246 193248 193393 193403 
5 193215 193352 193354 193440 193443 
5 193216 193217 193218 193297 193300 
5 193219 193479 193524 193564 193568 
7 193220 193480 193488 193571 193573 193576 193578 
5 193221 193491 193493 193561 193565 
5 193222 193518 193525 193577 193582 
5 193223 193268 193273 193376 193377 
5 193224 193225 193226 193487 193490 
5 193227 193496 193498 193606 193612 
5 193228 193501 193503 193592 193604 
7 193229 193515 193517 193593 193594 193597 193598 
7 193231 193303 193305 193326 193328 193337 193338 
5 193232 193292 193294 193320 193323 
7 193233 193244 193257 193271 193272 193275 193281 
5 193234 193235 193236 193237 193260 
5 193238 193240 193239 193241 193242 
1 193243 
5 193249 193251 193250 193252 193253 
5 193254 193256 193255 193258 193259 
5 193261 193262 193263 193264 193278 
5 193265 193266 193267 193276 193279 
5 193283 193317 193313 193316 193318 
5 193286 193288 193287 193289 193290 
7 193293 193298 193295 193296 193299 193301 193302 
5 193319 193321 193322 193351 193353 
5 193330 193348 193345 193349 193350 
5 193332 193334 193333 193335 193336 
5 193339 193341 193340 193342 193343 
5 193355 193413 193429 193447 193456 
5 193356 193378 193382 193385 193391 
7 193357 193417 193427 193439 193463 193464 193467 
5 193358 193412 193414 193451 193454 
5 193359 193360 193361 193370 193401 
5 193362 193367 193379 193386 193399 
5 193363 193423 193425 193459 193462 
5 193364 193365 193368 193371 193372 
5 193366 193380 193373 193375 193381 
5 193383 193387 193384 193390 193392 
7 193388 193406 193389 193404 193407 193408 193405 
5 193394 193397 193396 193400 193402 
5 193409 193410 193411 193430 193431 
3 193416 193418 193428 
5 193419 193422 193421 193424 193426 
5 193432 193458 193455 193457 193468 
5 193434 193436 193435 193437 193438 
5 193442 193453 193445 193449 193466 
5 193469 193471 193470 193472 193473 
5 193474 193476 193475 193477 193478 
5 193481 193483 193482 193484 193485 
5 193486 193489 193492 193494 193526 
7 193495 193500 193497 193499 193502 193504 193516 
5 193505 193507 193506 193508 193509 
5 193510 193512 193511 193513 193514 
5 193519 193521 193520 193522 193523 
5 193527 193596 193608 193632 193636 
5 193528 193605 193607 193639 193643 
7 193529 193548 193550 193579 193580 193583 193584 
5 193530 193617 193619 193645 193648 
5 193531 193549 193540 193547 193551 
5 193537 193541 193539 193542 193543 
1 193546 
5 193552 193553 193581 193585 193586 
5 193554 193556 193555 193558 193560 
5 193563 193569 193567 193574 193575 
5 193587 193618 193588 193613 193616 
5 193589 193590 193591 193595 193609 
5 193599 193601 193600 193602 193603 
5 193621 193646 193631 193641 193644 
5 193622 193624 193623 193625 193626 
5 193633 193640 193634 193635 193638 
1 193649 
5 193650 193651 193652 193775 193791 
5 193653 193654 193655 193880 193901 
7 193656 193707 193708 193710 193720 193804 193811 
7 193657 193677 193678 193681 193682 193824 193828 
17 193658 193964 193965 193966 193968 193969 193971 193984 194006 194007 194008 194009 194010 194062 194063 194064 194070 
5 193659 193755 193757 193881 193884 
9 193660 193910 193911 193912 193978 193979 193980 194024 194041 
5 193661 193734 193735 193878 193906 
5 193662 193779 193781 193889 193892 
7 193663 193737 193739 193783 193786 193900 193905 
5 193664 193665 193666 193957 193960 
5 193667 193759 193761 193865 193868 
5 193668 193753 193754 193782 193784 
5 193669 193674 193676 193719 193724 
5 193670 193731 193758 193778 193785 
7 193671 193741 193742 193744 193745 193773 193780 
5 193672 193679 193693 193709 193729 
5 193675 193680 193683 193695 193696 
5 193685 193687 193686 193688 193689 
5 193697 193699 193698 193700 193701 
5 193702 193704 193703 193705 193706 
5 193711 193713 193712 193721 193722 
5 193714 193716 193715 193717 193718 
5 193723 193726 193725 193727 193728 
5 193730 193733 193732 193736 193738 
5 193740 193746 193743 193747 193748 
5 193749 193752 193750 193751 193760 
5 193756 193764 193762 193763 193765 
5 193767 193769 193768 193770 193771 
5 193774 193789 193787 193788 193790 
5 193792 193859 193871 193879 193897 
7 193793 193801 193803 193832 193835 193838 193839 
9 193795 193808 193809 193812 193813 193825 193827 193836 193837 
5 193796 193848 193867 193882 193904 
5 193797 193815 193820 193826 193830 
5 193798 193817 193819 193831 193834 
5 193800 193816 193806 193810 193818 
5 193802 193823 193807 193821 193822 
5 193840 193857 193858 193861 193872 
5 193841 193843 193842 193844 193845 
5 193846 193856 193847 193869 193870 
7 193849 193852 193850 193851 193853 193854 193855 
5 193874 193875 193876 193877 193909 
5 193883 193886 193885 193887 193888 
5 193890 193893 193891 193894 193895 
5 193896 193899 193898 193903 193907 
5 193913 193967 193938 193961 193976 
5 193914 193916 193915 193917 193918 
5 193919 193920 193933 193935 193936 
5 193923 193925 193924 193926 193927 
5 193928 193930 193929 193931 193932 
5 193943 193945 193944 193962 193963 
5 193947 193950 193949 193958 193959 
5 193952 193954 193953 193955 193956 
5 193987 194060 193988 194050 194052 
5 193989 194026 194025 194027 194028 
7 193990 194015 194012 194014 194016 194017 194018 
5 193991 193993 193992 193994 193995 
5 193996 193998 193997 193999 194000 
5 194001 194003 194002 194004 194005 
5 194019 194021 194020 194022 194023 
5 194029 194031 194030 194032 194033 
5 194034 194036 194035 194037 194038 
5 194044 194046 194045 194047 194048 
1 194049 
7 194053 194056 194054 194055 194057 194058 194059 
5 194065 194067 194066 194068 194069 
5 194071 194340 194351 194882 194903 
5 194072 194213 194288 194569 194573 
5 194073 195066 195067 195550 195553 
5 194074 194347 194348 194893 194899 
5 194075 194345 194346 194881 194883 
9 194076 195113 195114 195527 195529 195543 195544 195555 195556 
5 194077 195095 195096 195560 195563 
5 194078 194079 194080 195546 195551 
5 194081 195072 195116 195604 195607 
7 194082 194223 194224 194637 194638 194644 194645 
5 194083 195080 195081 195584 195598 
7 194084 194264 194266 194575 194576 194595 194596 
5 194085 194277 194278 194582 194583 
7 194086 195073 195074 195590 195591 195592 195593 
5 194087 194088 194089 194336 194339 
5 194090 194091 194092 195105 195107 
5 194093 194467 194469 194912 194925 
7 194094 194215 194216 194636 194646 194652 194657 
7 194096 194368 194376 194377 194390 194984 195014 
5 194097 195057 195059 195600 195603 
7 194098 194385 194386 194851 194857 194950 194973 
5 194099 195325 195327 195657 195660 
5 194100 194248 194249 194570 194584 
5 194101 194369 194370 194983 194987 
7 194102 194270 194271 194272 194273 194675 194679 
5 194103 194104 194105 194586 194587 
5 194106 195329 195334 195656 195712 
5 194107 194284 194285 194589 194591 
5 194108 195343 195345 195654 195729 
7 194109 194419 194424 194998 194999 195002 195004 
5 194110 195401 195407 195808 195811 
5 194111 195403 195408 195691 195694 
5 194112 194378 194380 194978 195006 
7 194113 195404 195406 195651 195652 195730 195731 
5 194114 194115 194116 195009 195012 
7 194117 194206 194290 194672 194662 194678 194665 
5 194118 194119 194120 195394 195397 
7 194121 195409 195410 195412 195413 195723 195727 
5 194122 194146 194167 194253 194254 
7 194123 194299 194301 194302 194324 194470 194484 
5 194124 194147 194193 194214 194286 
9 194125 194321 194322 194471 194474 194475 194476 194478 194480 
5 194126 194158 194160 194207 194210 
11 194127 194306 194308 194330 194333 194429 194430 194431 194439 194440 194441 
5 194128 194311 194313 194487 194492 
5 194129 194130 194131 194495 194496 
5 194132 194172 194174 194238 194241 
5 194133 194182 194184 194262 194265 
7 194134 194407 194409 194494 194510 194519 194523 
5 194135 194183 194168 194173 194194 
5 194136 194138 194137 194139 194140 
5 194141 194143 194142 194144 194145 
5 194148 194162 194159 194163 194166 
5 194149 194151 194150 194152 194153 
5 194154 194156 194155 194157 194161 
5 194164 194169 194165 194170 194171 
5 194175 194177 194176 194178 194179 
5 194180 194185 194181 194186 194187 
5 194188 194190 194189 194191 194192 
5 194195 194196 194197 194287 194289 
5 194198 194200 194199 194201 194202 
5 194203 194204 194205 194261 194263 
5 194208 194209 194211 194212 194260 
5 194217 194219 194218 194220 194221 
3 194222 194255 194267 
5 194225 194227 194226 194228 194229 
1 194230 
5 194231 194233 194232 194234 194235 
7 194236 194244 194237 194243 194245 194246 194247 
5 194239 194242 194240 194251 194252 
5 194250 194257 194256 194258 194259 
5 194268 194274 194269 194275 194276 
5 194279 194281 194280 194282 194283 
5 194291 194298 194310 194360 194361 
5 194292 194388 194391 194394 194418 
5 194293 194383 194384 194415 194422 
9 194294 194297 194305 194309 194314 194315 194316 194338 194341 
9 194295 194323 194326 194357 194358 194359 194363 194364 194366 
7 194296 194387 194389 194416 194417 194420 194421 
5 194300 194320 194317 194319 194325 
5 194303 194307 194304 194312 194318 
5 194327 194334 194331 194335 194337 
5 194328 194367 194329 194362 194365 
5 194332 194343 194342 194344 194353 
5 194350 194354 194352 194355 194356 
5 194371 194373 194372 194374 194375 
1 194379 
1 194382 
5 194392 194395 194393 194397 194398 
5 194396 194412 194411 194413 194414 
5 194399 194401 194400 194408 194410 
5 194402 194404 194403 194405 194406 
1 194423 
7 194425 194444 194461 194462 194463 194485 194490 
5 194426 194445 194447 194468 194472 
5 194427 194448 194450 194477 194488 
7 194428 194435 194436 194438 194443 194446 194449 
5 194432 194434 194433 194437 194442 
5 194451 194453 194452 194454 194455 
5 194456 194458 194457 194459 194460 
5 194464 194465 194466 194486 194489 
5 194479 194491 194481 194482 194483 
5 194493 194503 194502 194509 194512 
5 194497 194499 194498 194500 194501 
5 194504 194506 194505 194507 194508 
5 194513 194539 194537 194538 194544 
5 194514 194516 194515 194517 194518 
5 194520 194522 194521 194534 194535 
5 194524 194526 194525 194527 194528 
5 194529 194531 194530 194532 194533 
5 194536 194541 194540 194542 194543 
5 194545 194609 194631 194720 194745 
7 194546 194780 194865 194916 194939 194965 194968 
5 194547 194843 194847 194980 195007 
5 194548 194853 194861 194944 194947 
5 194549 194764 194766 194913 194926 
5 194550 194624 194628 194729 194733 
5 194551 194798 194832 194921 194938 
5 194552 194607 194610 194730 194734 
7 194553 194629 194632 194683 194684 194753 194754 
5 194554 194608 194612 194694 194711 
5 194555 194867 194870 194966 194969 
7 194556 194856 194860 194941 194970 194971 194975 
9 194557 194787 194788 194790 194791 194919 194920 194932 194936 
7 194558 194625 194626 194725 194726 194743 194744 
5 194559 194792 194793 194931 194933 
5 194560 194640 194649 194666 194671 
7 194561 194633 194651 194667 194670 194676 194677 
5 194562 194635 194648 194663 194674 
5 194563 194572 194574 194606 194623 
5 194564 194619 194620 194642 194643 
5 194565 194599 194600 194668 194669 
5 194566 194602 194605 194627 194630 
5 194567 194571 194597 194613 194617 
5 194568 194603 194598 194601 194604 
5 194577 194579 194578 194580 194581 
1 194585 
5 194588 194592 194590 194593 194594 
7 194611 194616 194614 194615 194618 194621 194622 
5 194634 194639 194641 194647 194650 
5 194653 194655 194654 194656 194658 
5 194659 194660 194661 194664 194673 
7 194680 194685 194681 194682 194686 194713 194714 
5 194690 194709 194696 194717 194718 
5 194692 194731 194721 194732 194755 
5 194697 194699 194698 194700 194701 
5 194702 194704 194703 194705 194724 
5 194712 194716 194715 194719 194746 
5 194735 194740 194741 194747 194748 
5 194736 194737 194738 194739 194751 
5 194756 194781 194796 194805 194830 
9 194757 194763 194765 194768 194795 194813 194814 194822 194831 
5 194758 194834 194836 194864 194871 
5 194759 194838 194840 194862 194868 
5 194760 194767 194769 194803 194825 
5 194761 194839 194842 194849 194872 
5 194762 194789 194794 194811 194823 
5 194770 194772 194771 194773 194774 
5 194775 194777 194776 194778 194779 
5 194782 194784 194783 194785 194786 
5 194802 194807 194806 194808 194809 
5 194810 194827 194824 194828 194829 
5 194817 194819 194818 194820 194821 
7 194848 194855 194874 194876 194866 194869 194873 
5 194850 194858 194852 194859 194863 
5 194877 194884 194885 194918 194929 
5 194878 194967 194972 195005 195008 
5 194879 194949 194964 194979 194982 
5 194880 194902 194904 194922 194928 
7 194886 194906 194887 194900 194901 194905 194907 
5 194888 194890 194889 194891 194892 
5 194894 194896 194895 194897 194898 
5 194908 194930 194917 194924 194937 
5 194909 194935 194910 194934 194940 
5 194911 194915 194914 194923 194927 
5 194942 194943 194945 194946 194974 
3 194948 194963 194956 
5 194951 194953 194952 194954 194955 
1 194957 
5 194958 194960 194959 194961 194962 
5 194976 195013 194977 195010 195011 
5 194985 195000 194986 195001 195003 
5 194988 194990 194989 194991 194992 
5 194993 194995 194994 194996 194997 
5 195015 195077 195106 195202 195205 
5 195016 195239 195241 195367 195377 
5 195017 195098 195117 195132 195133 
5 195018 195037 195039 195144 195151 
5 195019 195020 195021 195201 195204 
5 195022 195283 195286 195357 195368 
5 195023 195069 195071 195216 195221 
5 195024 195246 195248 195384 195387 
5 195025 195026 195027 195076 195079 
5 195028 195290 195292 195355 195358 
5 195029 195097 195099 195194 195226 
5 195030 195271 195273 195383 195392 
5 195031 195032 195033 195350 195351 
7 195034 195035 195036 195064 195065 195118 195119 
5 195038 195042 195041 195058 195068 
5 195040 195061 195060 195062 195063 
7 195043 195046 195044 195045 195047 195048 195049 
7 195050 195053 195051 195052 195054 195055 195056 
5 195070 195075 195078 195087 195115 
5 195082 195084 195083 195085 195086 
7 195088 195091 195089 195090 195092 195093 195094 
5 195100 195102 195101 195103 195104 
5 195108 195110 195109 195111 195112 
7 195120 195173 195178 195199 195203 195206 195209 
7 195121 195175 195189 195213 195215 195223 195224 
7 195122 195181 195191 195207 195208 195218 195219 
7 195123 195129 195131 195159 195164 195156 195166 
5 195124 195139 195152 195155 195163 
5 195125 195153 195154 195160 195162 
5 195126 195127 195128 195130 195145 
5 195134 195138 195135 195136 195137 
5 195146 195148 195147 195149 195150 
5 195167 195174 195168 195176 195192 
5 195169 195170 195171 195172 195187 
5 195177 195182 195180 195183 195185 
5 195179 195190 195184 195186 195188 
5 195193 195197 195198 195222 195227 
5 195195 195225 195196 195217 195220 
5 195200 195212 195210 195211 195214 
5 195228 195230 195229 195231 195232 
5 195233 195235 195234 195236 195237 
5 195238 195310 195291 195294 195311 
5 195243 195245 195244 195247 195249 
5 195250 195284 195251 195287 195288 
5 195252 195255 195254 195272 195282 
5 195256 195258 195257 195259 195260 
5 195261 195263 195262 195264 195265 
5 195266 195268 195267 195269 195270 
7 195275 195278 195276 195277 195279 195280 195281 
5 195295 195297 195296 195298 195299 
5 195300 195302 195301 195303 195304 
5 195305 195307 195306 195308 195309 
5 195313 195381 195382 195400 195402 
5 195314 195331 195333 195353 195361 
5 195315 195391 195393 195405 195411 
5 195316 195342 195349 195366 195380 
7 195317 195346 195348 195359 195360 195363 195364 
5 195318 195320 195319 195330 195335 
5 195321 195323 195322 195324 195326 
5 195328 195336 195332 195344 195347 
5 195337 195339 195338 195340 195341 
5 195352 195354 195356 195362 195365 
5 195369 195376 195370 195378 195379 
5 195371 195373 195372 195374 195375 
5 195385 195388 195386 195389 195390 
5 195395 195396 195398 195399 195414 
5 195415 195658 195659 195767 195768 
5 195416 195432 195446 195627 195630 
5 195417 195418 195419 195524 195536 
9 195420 195431 195444 195445 195447 195448 195449 195533 195538 
5 195421 195653 195655 195822 195827 
7 195422 195666 195667 195684 195685 195783 195784 
5 195423 195476 195478 195557 195565 
5 195424 195479 195481 195530 195531 
5 195425 195495 195497 195641 195644 
7 195426 195427 195428 195820 195821 195824 195825 
5 195429 195515 195430 195513 195514 
3 195433 195512 195511 
5 195434 195436 195435 195437 195443 
5 195438 195440 195439 195441 195442 
5 195450 195452 195451 195453 195466 
5 195454 195463 195462 195464 195465 
7 195455 195458 195456 195457 195459 195460 195461 
5 195467 195469 195468 195470 195471 
5 195472 195482 195473 195483 195510 
5 195474 195477 195475 195480 195496 
5 195484 195486 195485 195487 195488 
5 195489 195491 195490 195492 195493 
1 195494 
5 195498 195500 195499 195501 195502 
7 195503 195506 195504 195505 195507 195508 195509 
5 195516 195517 195518 195540 195547 
7 195519 195582 195606 195615 195621 195632 195633 
5 195520 195583 195597 195620 195625 
7 195521 195587 195589 195618 195619 195622 195626 
5 195522 195525 195537 195554 195567 
5 195523 195539 195541 195562 195566 
5 195526 195528 195532 195534 195535 
5 195542 195545 195552 195572 195573 
5 195548 195574 195549 195570 195571 
5 195558 195559 195561 195568 195569 
1 195564 
5 195575 195576 195577 195578 195612 
5 195579 195596 195580 195581 195605 
5 195585 195588 195586 195594 195595 
7 195599 195608 195601 195602 195609 195610 195611 
7 195613 195614 195616 195617 195642 195645 195648 
5 195623 195628 195629 195631 195643 
5 195624 195634 195640 195646 195647 
5 195635 195637 195636 195638 195639 
5 195649 195716 195650 195714 195715 
5 195661 195663 195662 195664 195665 
5 195668 195687 195686 195688 195689 
5 195669 195671 195670 195672 195673 
5 195674 195676 195675 195677 195678 
5 195679 195681 195680 195682 195683 
5 195690 195693 195692 195695 195696 
5 195697 195699 195698 195700 195701 
5 195702 195704 195703 195705 195711 
5 195706 195708 195707 195709 195710 
1 195713 
5 195717 195719 195718 195720 195721 
5 195722 195725 195724 195726 195728 
1 195732 
5 195733 195738 195758 195780 195785 
5 195734 195790 195792 195838 195839 
5 195735 195801 195803 195829 195833 
5 195736 195812 195814 195830 195843 
5 195737 195747 195748 195751 195753 
5 195739 195741 195740 195742 195743 
5 195744 195746 195745 195749 195750 
5 195752 195755 195754 195756 195757 
5 195759 195760 195761 195762 195782 
5 195763 195765 195764 195766 195786 
7 195769 195775 195770 195774 195776 195777 195778 
5 195771 195772 195773 195779 195781 
7 195787 195823 195788 195789 195817 195818 195819 
5 195791 195793 195799 195816 195826 
5 195794 195796 195795 195797 195798 
5 195800 195807 195806 195809 195810 
5 195802 195805 195804 195813 195815 
5 195828 195832 195831 195834 195835 
5 195836 195842 195837 195840 195841 
