13940
5645
5646
5647
5648
5649
5650
5651
5652
5653
5654
5655
5656
5657
5658
5659
5660
5661
5662
5663
5664
5682
5683
5684
5685
5686
5687
5688
5689
5690
5691
5692
5693
5694
5695
5696
5697
5698
5699
5700
5701
5719
5720
5721
5722
5727
5728
5729
5730
5731
5737
5738
5739
5740
5741
5742
5743
5751
5752
5753
5754
5755
5756
5757
5758
5759
5760
5761
5762
5763
5764
5765
5766
5767
5768
5769
5770
5788
5789
5790
5791
5792
5798
5799
5800
5801
5802
5803
5804
5805
5806
5807
5808
5809
5810
5811
5812
5813
5814
5815
5816
5817
5835
5836
5837
5838
5839
5840
5841
5842
5843
5844
5845
5846
5847
5848
5849
5850
5851
5852
5853
5854
5872
5873
5874
5878
5879
5880
5881
5882
5883
5884
5892
5893
5894
5895
5896
5897
5898
5899
5900
5901
5902
5903
5904
5905
5906
5907
5908
5909
5910
5911
5929
5930
5931
5932
5933
5934
5935
5936
5937
5938
5939
5940
5941
5942
5943
5944
5945
5946
5947
5948
5966
5967
5968
5969
5970
5971
5972
5973
5978
5979
5980
5981
5982
5983
5984
5992
5993
5994
5995
5996
5997
5998
6006
6007
6008
6009
6010
6011
6012
6020
6021
6022
6023
6024
6025
6026
6027
6028
6029
6030
6031
6032
6033
6034
6035
6036
6037
6038
6039
6057
6058
6059
6063
6064
6065
6066
6067
6068
6069
6070
6071
6072
6073
6074
6075
6080
6081
6084
6085
6086
6090
6091
6092
6096
6097
6098
6102
6103
6104
6105
6106
6107
6108
6109
6110
6111
6112
6113
6114
6115
6116
6117
6118
6119
6120
6121
6139
6140
6141
6145
6146
6147
6151
6152
6153
6154
6155
6156
6157
6158
6159
6160
6161
6162
6163
6164
6165
6166
6167
6168
6169
6170
6188
6189
6192
6193
6194
6195
6196
6197
6198
6199
6200
6201
6202
6203
6204
6205
6206
6207
6208
6209
6210
6211
6229
6230
6231
6232
6233
6234
6235
6236
6241
6242
6243
6247
6248
6249
6253
6254
6255
6256
6257
6258
6259
6260
6265
6266
6267
6268
6269
6270
6271
6272
6277
6278
6279
6280
6281
6282
6283
6284
6285
6286
6287
6288
6289
6290
6291
6292
6293
6294
6295
6296
6314
6315
6316
6317
6318
6319
6320
6321
6322
6323
6324
6325
6326
6327
6328
6329
6330
6331
6332
6333
6351
6352
6353
6354
6355
6356
6357
6358
6359
6360
6361
6362
6363
6368
6369
6370
6371
6372
6373
6374
6375
6380
6381
6382
6386
6387
6388
6389
6390
6391
6392
6393
6394
6395
6396
6397
6398
6399
6400
6401
6402
6403
6404
6405
6423
6424
6425
6429
6430
6431
6432
6433
6434
6435
6436
6437
6438
6439
6440
6441
6446
6447
6448
6449
6450
6451
6452
6453
6458
6459
6460
6461
6462
6463
6464
6465
6466
6467
6468
6469
6470
6471
6472
6473
6474
6475
6476
6477
6495
6496
6497
6498
6499
6500
6501
6502
6503
6504
6505
6506
6507
6508
6509
6510
6511
6512
6513
6514
6532
6533
6536
6537
6538
6539
6540
6546
6547
6548
6549
6550
6556
6557
6558
6559
6560
6561
6562
6563
6564
6565
6566
6567
6568
6569
6570
6571
6572
6573
6574
6575
6593
6594
6595
6596
6597
6603
6604
6605
6606
6607
6608
6609
6610
6615
6616
6617
6618
6619
6620
6621
6622
6627
6628
6629
6633
6634
6635
6636
6641
6642
6643
6647
6648
6649
6650
6651
6652
6653
6654
6655
6656
6657
6658
6659
6660
6661
6662
6663
6664
6665
6666
6684
6685
6686
6687
6688
6689
6690
6691
6696
6697
6698
6699
6700
6701
6702
6703
6704
6705
6706
6707
6708
6709
6710
6711
6712
6713
6714
6715
6733
6734
6735
6736
6741
6742
6743
6747
6748
6749
6750
6751
6752
6753
6754
6755
6756
6757
6758
6759
6760
6761
6762
6763
6764
6765
6766
6784
6785
6786
6790
6791
6792
6793
6794
6795
6796
6797
6802
6803
6804
6805
6806
6807
6808
6809
6814
6815
6816
6820
6821
6822
6826
6827
6828
6829
6830
6831
6832
6833
6838
6839
6840
6841
6842
6843
6844
6845
6850
6851
6852
6853
6854
6855
6856
6857
6858
6859
6860
6861
6862
6863
6864
6865
6866
6867
6868
6869
6887
6888
6889
6893
6894
6895
6896
6897
6898
6899
6900
6905
6906
6907
6908
6909
6910
6911
6919
6920
6921
6925
6926
6927
6931
6932
6933
6934
6935
6936
6937
6938
6939
6940
6941
6942
6943
6944
6945
6946
6947
6948
6949
6950
6968
6969
6970
6971
6972
6973
6974
6975
6980
6981
6982
6986
6987
6988
6992
6993
6994
6998
6999
7000
7001
7006
7007
7008
7012
7013
7014
7015
7016
7017
7018
7019
7020
7021
7022
7023
7024
7025
7026
7027
7028
7029
7030
7031
7049
7050
7051
7052
7053
7054
7055
7056
7061
7062
7063
7064
7069
7070
7071
7072
7073
7074
7075
7076
7081
7082
7083
7087
7088
7089
7093
7094
7095
7096
7097
7098
7099
7100
7101
7102
7103
7104
7105
7106
7107
7108
7109
7110
7111
7112
7130
7131
7132
7133
7134
7135
7136
7137
7142
7143
7144
7145
7146
7147
7148
7149
7150
7151
7152
7153
7154
7155
7156
7157
7158
7159
7160
7161
7179
7180
7181
7185
7186
7187
7188
7189
7190
7191
7192
7197
7198
7199
7200
7201
7202
7203
7211
7212
7213
7214
7215
7216
7217
7218
7219
7220
7221
7222
7223
7224
7225
7226
7227
7228
7229
7230
7248
7249
7250
7251
7252
7253
7254
7255
7260
7261
7262
7263
7264
7265
7266
7274
7275
7276
7280
7281
7282
7283
7284
7285
7286
7287
7288
7289
7290
7291
7292
7293
7294
7295
7296
7297
7298
7299
7317
7318
7319
7320
7325
7326
7327
7331
7332
7333
7334
7335
7336
7337
7345
7346
7347
7348
7349
7350
7351
7352
7357
7358
7359
7360
7361
7362
7363
7364
7365
7366
7367
7368
7369
7370
7371
7372
7373
7374
7375
7376
7394
7395
7396
7397
7398
7399
7400
7401
7406
7407
7408
7409
7410
7411
7412
7413
7414
7415
7416
7417
7418
7419
7420
7421
7422
7423
7424
7425
7443
7444
7447
7448
7449
7450
7451
7452
7453
7454
7455
7456
7457
7458
7459
7460
7461
7462
7463
7464
7465
7466
7484
7485
7486
7490
7491
7492
7496
7497
7498
7502
7503
7504
7508
7509
7510
7511
7512
7513
7514
7515
7520
7521
7522
7523
7524
7525
7526
7527
7532
7533
7534
7535
7536
7537
7538
7539
7544
7545
7546
7547
7548
7549
7550
7551
7552
7553
7554
7555
7556
7557
7558
7559
7560
7561
7562
7563
7581
7582
7583
7584
7585
7586
7587
7588
7593
7594
7595
7596
7597
7598
7599
7600
7601
7602
7603
7604
7605
7606
7607
7608
7609
7610
7611
7612
7630
7631
7632
7636
7637
7638
7642
7643
7646
7647
7648
7649
7654
7655
7656
7660
7661
7662
7663
7664
7665
7666
7667
7668
7669
7670
7671
7672
7673
7674
7675
7676
7677
7678
7679
7697
7698
7699
7700
7701
7702
7703
7704
7705
7706
7707
7708
7709
7710
7711
7712
7713
7714
7715
7716
7734
7735
7736
7737
7738
7739
7740
7741
7742
7743
7744
7745
7746
7747
7748
7749
7750
7751
7752
7753
7771
7772
7773
7774
7775
7776
7777
7785
7786
7787
7788
7789
7790
7791
7792
7793
7794
7795
7796
7797
7798
7799
7800
7801
7802
7803
7804
7822
7823
7824
7825
7826
7827
7828
7829
7834
7835
7836
7840
7841
7842
7843
7844
7845
7846
7854
7855
7856
7857
7858
7859
7860
7861
7862
7863
7864
7865
7866
7867
7868
7869
7870
7871
7872
7873
7891
7892
7893
7894
7895
7896
7897
7898
7903
7904
7905
7906
7907
7908
7909
7910
7911
7912
7913
7914
7915
7916
7917
7918
7919
7920
7921
7922
7940
7941
7942
7943
7944
7945
7946
7947
7948
7949
7950
7951
7952
7953
7954
7955
7956
7957
7958
7959
7977
7978
7979
7980
7981
7982
7983
7984
7985
7986
7987
7988
7989
7990
7991
7992
7993
7994
7995
7996
8014
8015
8016
8017
8018
8019
8020
8021
8022
8023
8024
8025
8026
8027
8028
8029
8030
8031
8032
8033
8051
8052
8053
8054
8055
8056
8057
8058
8063
8064
8065
8066
8071
8072
8073
8077
8078
8079
8080
8081
8082
8083
8084
8089
8090
8091
8092
8093
8094
8095
8096
8101
8102
8103
8104
8105
8106
8107
8108
8109
8110
8111
8112
8113
8114
8115
8116
8117
8118
8119
8120
8138
8139
8140
8141
8142
8143
8144
8145
8150
8151
8152
8156
8157
8160
8161
8162
8163
8164
8165
8166
8167
8168
8169
8170
8171
8172
8173
8174
8175
8176
8177
8178
8179
8197
8198
8199
8203
8204
8205
8206
8211
8212
8213
8214
8215
8216
8217
8218
8223
8224
8225
8229
8230
8231
8232
8233
8234
8235
8236
8241
8242
8243
8244
8245
8246
8247
8248
8249
8250
8251
8252
8253
8254
8255
8256
8257
8258
8259
8260
8278
8279
8280
8281
8282
8283
8284
8285
8290
8291
8292
8293
8294
8295
8296
8297
8298
8299
8300
8301
8302
8303
8304
8305
8306
8307
8308
8309
8327
8328
8329
8330
8331
8337
8338
8339
8340
8345
8346
8347
8348
8349
8350
8351
8359
8360
8361
8362
8363
8364
8365
8366
8367
8368
8369
8370
8371
8372
8373
8374
8375
8376
8377
8378
8396
8397
8398
8399
8400
8401
8402
8403
8408
8409
8410
8411
8412
8413
8414
8422
8423
8424
8425
8426
8432
8433
8434
8435
8436
8437
8438
8439
8440
8441
8442
8443
8444
8445
8446
8447
8448
8449
8450
8451
8469
8470
8471
8472
8473
8474
8475
8476
8481
8482
8483
8487
8488
8489
8490
8491
8492
8493
8494
8495
8496
8497
8498
8499
8500
8501
8502
8503
8504
8505
8506
8524
8525
8526
8527
8528
8529
8530
8531
8532
8533
8534
8535
8536
8537
8538
8539
8540
8541
8542
8543
8561
8562
8563
8564
8565
8566
8567
8568
8573
8574
8575
8576
8577
8578
8579
8580
8581
8582
8583
8584
8585
8586
8587
8588
8589
8590
8591
8592
8610
8611
8612
8613
8614
8615
8616
8617
8618
8619
8620
8621
8622
8623
8624
8625
8626
8627
8628
8629
8647
8648
8649
8650
8651
8652
8653
8654
8655
8656
8657
8658
8659
8660
8661
8662
8663
8664
8665
8666
8684
8685
8686
8687
8688
8689
8690
8691
8696
8697
8698
8699
8700
8701
8702
8703
8704
8705
8706
8707
8708
8709
8710
8711
8712
8713
8714
8715
8733
8734
8735
8736
8737
8738
8739
8740
8745
8746
8747
8748
8749
8750
8751
8752
8753
8754
8755
8756
8757
8758
8759
8760
8761
8762
8763
8764
8782
8783
8784
8788
8789
8790
8791
8792
8793
8794
8795
8800
8801
8802
8803
8804
8805
8806
8807
8808
8809
8810
8811
8812
8813
8814
8815
8816
8817
8818
8819
8837
8838
8839
8840
8841
8842
8843
8844
8849
8850
8851
8855
8856
8857
8858
8859
8860
8861
8862
8863
8864
8865
8866
8867
8868
8869
8870
8871
8872
8873
8874
8892
8893
8894
8895
8896
8897
8898
8899
8904
8905
8906
8907
8908
8909
8910
8911
8912
8913
8914
8915
8916
8921
8922
8923
8924
8925
8926
8927
8928
8929
8930
8931
8932
8933
8934
8935
8936
8937
8938
8939
8940
8958
8959
8960
8961
8962
8963
8964
8965
8966
8967
8968
8969
8970
8971
8972
8973
8974
8975
8976
8977
8995
8996
8997
8998
8999
9000
9001
9002
9007
9008
9009
9010
9011
9012
9013
9021
9022
9023
9024
9025
9026
9027
9035
9036
9037
9038
9039
9040
9041
9042
9047
9048
9049
9050
9051
9052
9053
9054
9059
9060
9061
9062
9063
9064
9065
9066
9067
9068
9069
9070
9071
9072
9073
9074
9075
9076
9077
9078
9096
9097
9098
9102
9103
9104
9108
9109
9112
9113
9114
9115
9116
9117
9118
9119
9120
9121
9122
9123
9124
9125
9126
9127
9128
9129
9130
9131
9149
9150
9151
9152
9153
9154
9155
9156
9157
9158
9159
9160
9161
9162
9163
9164
9165
9166
9167
9168
9186
9187
9188
9192
9193
9194
9195
9196
9197
9198
9199
9204
9205
9206
9207
9212
9213
9214
9218
9219
9220
9221
9222
9223
9224
9225
9230
9231
9234
9235
9236
9237
9238
9239
9240
9241
9246
9247
9248
9249
9250
9251
9252
9253
9254
9255
9256
9257
9258
9259
9260
9261
9262
9263
9264
9265
9283
9284
9285
9286
9287
9288
9289
9290
9291
9292
9293
9294
9295
9296
9297
9298
9299
9300
9301
9302
9320
9321
9322
9323
9324
9325
9326
9327
9332
9333
9334
9335
9336
9337
9338
9339
9340
9341
9342
9343
9344
9345
9346
9347
9348
9349
9350
9351
9369
9370
9371
9375
9376
9377
9378
9383
9384
9385
9386
9387
9388
9389
9390
9391
9392
9393
9394
9395
9396
9397
9398
9399
9400
9401
9402
9420
9421
9422
9423
9424
9425
9426
9427
9428
9429
9430
9431
9432
9433
9434
9435
9436
9437
9438
9439
9457
9458
9459
9463
9464
9465
9466
9467
9468
9469
9477
9478
9479
9483
9484
9485
9486
9487
9488
9489
9490
9491
9492
9493
9494
9495
9496
9497
9498
9499
9500
9501
9502
9520
9521
9522
9526
9527
9528
9529
9534
9535
9538
9539
9540
9544
9545
9546
9547
9548
9549
9550
9551
9552
9553
9554
9555
9556
9557
9558
9559
9560
9561
9562
9563
9581
9582
9583
9584
9585
9586
9587
9588
9593
9594
9595
9596
9597
9598
9599
9607
9608
9609
9613
9614
9615
9616
9617
9618
9619
9620
9621
9622
9623
9624
9625
9626
9627
9628
9629
9630
9631
9632
9650
9651
9652
9653
9654
9655
9656
9657
9662
9663
9664
9665
9666
9667
9668
9669
9670
9671
9672
9673
9674
9675
9676
9677
9678
9679
9680
9681
9699
9700
9701
9702
9703
9704
9705
9706
9711
9712
9715
9716
9717
9721
9722
9723
9724
9729
9730
9731
9732
9733
9734
9735
9736
9737
9738
9739
9740
9741
9742
9743
9744
9745
9746
9747
9748
9766
9767
9768
9769
9770
9771
9772
9773
9778
9779
9780
9781
9782
9783
9784
9785
9786
9787
9788
9789
9790
9791
9792
9793
9794
9795
9796
9797
9815
9816
9817
9818
9819
9820
9821
9822
9827
9828
9829
9830
9831
9832
9833
9834
9835
9836
9837
9838
9839
9840
9841
9842
9843
9844
9845
9846
9864
9865
9866
9867
9868
9869
9870
9871
9872
9873
9874
9875
9876
9881
9882
9883
9884
9885
9886
9887
9888
9889
9890
9891
9892
9893
9894
9895
9896
9897
9898
9899
9900
9918
9919
9920
9921
9922
9923
9924
9925
9930
9931
9932
9933
9934
9935
9936
9937
9938
9939
9940
9941
9942
9943
9944
9945
9946
9947
9948
9949
9967
9968
9969
9970
9971
9972
9973
9974
9979
9980
9981
9982
9983
9984
9985
9986
9991
9992
9993
9994
9995
9996
9997
9998
10003
10004
10005
10006
10007
10008
10009
10010
10011
10012
10013
10014
10015
10016
10017
10018
10019
10020
10021
10022
10040
10041
10042
10046
10047
10048
10049
10050
10051
10052
10053
10054
10055
10056
10057
10058
10063
10064
10067
10068
10069
10073
10074
10075
10076
10077
10078
10079
10080
10081
10082
10083
10084
10085
10086
10087
10088
10089
10090
10091
10092
10110
10111
10112
10113
10114
10115
10116
10124
10125
10126
10127
10128
10134
10135
10136
10140
10141
10142
10146
10147
10148
10149
10150
10156
10157
10158
10159
10164
10165
10166
10170
10171
10172
10173
10174
10175
10176
10177
10178
10179
10180
10181
10182
10183
10184
10185
10186
10187
10188
10189
10207
10208
10209
10210
10211
10212
10213
10214
10219
10220
10221
10222
10223
10224
10225
10226
10231
10232
10233
10234
10235
10236
10237
10238
10243
10244
10245
10249
10250
10251
10252
10253
10254
10255
10263
10264
10265
10266
10267
10268
10269
10270
10271
10272
10273
10274
10275
10276
10277
10278
10279
10280
10281
10282
10300
10301
10304
10305
10306
10307
10308
10314
10315
10316
10320
10321
10322
10323
10324
10325
10326
10327
10328
10329
10330
10331
10332
10333
10334
10335
10336
10337
10338
10339
10357
10358
10359
10363
10364
10365
10366
10367
10368
10369
10370
10371
10372
10373
10374
10375
10376
10377
10378
10379
10380
10381
10382
10400
10401
10402
10403
10404
10405
10406
10414
10415
10416
10417
10418
10419
10420
10421
10426
10427
10428
10429
10430
10431
10432
10440
10441
10442
10446
10447
10448
10449
10450
10451
10452
10453
10454
10455
10456
10457
10458
10459
10460
10461
10462
10463
10464
10465
10483
10484
10485
10486
10487
10488
10489
10490
10491
10492
10493
10494
10495
10496
10497
10498
10499
10500
10501
10502
10520
10521
10522
10526
10527
10528
10529
10530
10531
10532
10533
10538
10539
10540
10544
10545
10546
10547
10548
10549
10550
10551
10556
10557
10558
10562
10563
10564
10565
10566
10567
10568
10569
10570
10571
10572
10573
10574
10575
10576
10577
10578
10579
10580
10581
10599
10600
10601
10602
10603
10604
10605
10606
10607
10608
10609
10610
10611
10612
10613
10614
10615
10616
10617
10618
10636
10637
10640
10641
10642
10643
10644
10645
10646
10647
10648
10649
10650
10651
10652
10653
10654
10655
10656
10657
10658
10659
10677
10678
10681
10682
10683
10684
10685
10686
10687
10695
10696
10697
10698
10699
10700
10701
10709
10710
10711
10712
10713
10714
10715
10716
10721
10722
10725
10726
10727
10731
10732
10733
10734
10735
10736
10737
10738
10739
10740
10741
10742
10743
10744
10745
10746
10747
10748
10749
10750
10768
10769
10770
10774
10775
10776
10777
10778
10779
10780
10781
10782
10783
10784
10785
10786
10791
10792
10793
10794
10795
10796
10797
10798
10799
10800
10801
10802
10803
10804
10805
10806
10807
10808
10809
10810
10828
10829
10830
10831
10832
10833
10834
10835
10840
10841
10842
10843
10844
10845
10846
10847
10852
10853
10854
10855
10860
10861
10862
10863
10864
10865
10866
10867
10868
10869
10870
10871
10872
10873
10874
10875
10876
10877
10878
10879
10897
10898
10899
10900
10905
10906
10907
10908
10909
10915
10916
10917
10918
10919
10920
10921
10922
10927
10928
10929
10933
10934
10935
10939
10940
10941
10942
10943
10949
10950
10951
10955
10956
10957
10958
10959
10960
10961
10962
10963
10964
10965
10966
10967
10968
10969
10970
10971
10972
10973
10974
10992
10993
10994
10995
10996
10997
10998
10999
11004
11005
11006
11007
11008
11009
11010
11011
11016
11017
11018
11019
11020
11021
11022
11030
11031
11032
11033
11034
11035
11036
11037
11042
11043
11044
11045
11046
11047
11048
11049
11050
11051
11052
11053
11054
11055
11056
11057
11058
11059
11060
11061
11079
11080
11081
11082
11083
11084
11085
11086
11091
11092
11093
11094
11095
11096
11097
11098
11099
11100
11101
11102
11103
11104
11105
11106
11107
11108
11109
11110
11128
11129
11130
11131
11132
11133
11134
11135
11136
11137
11138
11139
11140
11141
11142
11143
11144
11145
11146
11147
11165
11166
11167
11168
11169
11170
11171
11172
11173
11174
11175
11176
11177
11178
11179
11180
11181
11182
11183
11184
11202
11203
11204
11205
11206
11207
11208
11209
11214
11215
11216
11217
11218
11219
11220
11221
11222
11223
11224
11225
11226
11227
11228
11229
11230
11231
11232
11233
11251
11252
11253
11254
11255
11256
11257
11258
11263
11264
11267
11268
11269
11273
11274
11275
11276
11281
11282
11283
11287
11288
11289
11290
11291
11292
11293
11301
11302
11303
11304
11305
11306
11307
11308
11309
11310
11311
11312
11313
11314
11315
11316
11317
11318
11319
11320
11338
11339
11340
11341
11342
11343
11344
11345
11350
11351
11352
11353
11354
11355
11356
11357
11358
11359
11360
11361
11362
11363
11364
11365
11366
11367
11368
11369
11387
11388
11389
11390
11391
11392
11393
11394
11399
11400
11401
11405
11406
11407
11408
11409
11410
11411
11412
11413
11414
11415
11416
11417
11422
11423
11424
11428
11429
11430
11431
11432
11433
11434
11435
11440
11441
11442
11443
11444
11445
11446
11447
11452
11453
11454
11455
11456
11457
11458
11459
11460
11461
11462
11463
11464
11465
11466
11467
11468
11469
11470
11471
11489
11490
11491
11495
11496
11497
11501
11502
11503
11504
11505
11506
11507
11508
11509
11510
11511
11512
11513
11514
11515
11516
11517
11518
11519
11520
11538
11539
11540
11541
11542
11543
11544
11545
11546
11547
11548
11549
11550
11551
11552
11553
11554
11555
11556
11557
11575
11576
11577
11581
11582
11583
11587
11588
11589
11590
11591
11592
11593
11601
11602
11603
11604
11609
11610
11613
11614
11615
11616
11617
11618
11619
11620
11621
11622
11623
11624
11625
11626
11627
11628
11629
11630
11631
11632
11650
11651
11652
11653
11654
11655
11656
11664
11665
11666
11667
11668
11674
11675
11676
11677
11678
11679
11680
11681
11682
11683
11684
11685
11686
11687
11688
11689
11690
11691
11692
11693
11711
11712
11713
11717
11718
11719
11720
11721
11722
11723
11724
11729
11730
11731
11732
11737
11738
11741
11742
11743
11744
11745
11746
11747
11748
11749
11750
11751
11752
11753
11754
11755
11756
11757
11758
11759
11760
11778
11779
11780
11781
11782
11783
11784
11785
11786
11787
11788
11789
11790
11791
11792
11793
11794
11795
11796
11797
11815
11816
11817
11818
11819
11820
11821
11822
11827
11828
11829
11833
11834
11837
11838
11839
11840
11841
11842
11843
11844
11845
11846
11847
11848
11849
11850
11851
11852
11853
11854
11855
11856
11874
11875
11876
11877
11878
11879
11880
11881
11886
11887
11890
11891
11892
11893
11894
11895
11896
11897
11898
11899
11900
11901
11902
11903
11904
11905
11906
11907
11908
11909
11927
11928
11929
11930
11931
11932
11933
11934
11939
11940
11941
11945
11946
11947
11951
11952
11953
11954
11955
11956
11957
11958
11959
11960
11961
11962
11963
11964
11965
11966
11967
11968
11969
11970
11988
11989
11990
11991
11992
11993
11994
11995
11996
11997
11998
11999
12000
12001
12002
12003
12004
12005
12006
12007
12025
12026
12027
12028
12029
12030
12031
12032
12037
12038
12039
12040
12041
12047
12048
12049
12050
12051
12052
12053
12054
12055
12056
12057
12058
12059
12060
12061
12062
12063
12064
12065
12066
12084
12085
12086
12087
12088
12089
12090
12091
12092
12093
12094
12095
12096
12097
12098
12099
12100
12101
12102
12103
12121
12122
12123
12124
12125
12126
12127
12128
12129
12130
12131
12132
12133
12134
12135
12136
12137
12138
12139
12140
12158
12159
12160
12161
12162
12163
12164
12165
12170
12171
12172
12176
12177
12178
12179
12180
12181
12182
12183
12184
12185
12186
12187
12188
12189
12190
12191
12192
12193
12194
12195
12213
12214
12215
12216
12217
12218
12219
12220
12221
12222
12223
12224
12225
12226
12227
12228
12229
12230
12231
12232
12250
12251
12254
12255
12256
12260
12261
12262
12266
12267
12268
12269
12270
12271
12272
12273
12278
12279
12280
12281
12282
12283
12284
12285
12286
12287
12288
12289
12290
12291
12292
12293
12294
12295
12296
12297
12315
12316
12317
12318
12319
12320
12321
12322
12327
12328
12329
12330
12331
12332
12333
12341
12342
12343
12344
12345
12346
12347
12355
12356
12357
12358
12359
12360
12361
12362
12363
12364
12365
12366
12367
12368
12369
12370
12371
12372
12373
12374
12392
12393
12394
12395
12396
12397
12398
12399
12404
12405
12406
12407
12408
12409
12410
12411
12412
12413
12414
12415
12416
12417
12418
12419
12420
12421
12422
12423
12441
12442
12445
12446
12447
12451
12452
12453
12454
12455
12456
12457
12458
12459
12460
12461
12462
12463
12464
12465
12466
12467
12468
12469
12470
12488
12489
12490
12494
12495
12496
12497
12502
12503
12504
12505
12506
12507
12508
12509
12510
12511
12512
12513
12514
12515
12516
12517
12518
12519
12520
12521
12539
12540
12543
12544
12545
12549
12550
12551
12555
12556
12557
12558
12559
12560
12561
12562
12563
12564
12565
12566
12567
12568
12569
12570
12571
12572
12573
12574
12592
12593
12594
12598
12599
12600
12601
12602
12603
12604
12605
12610
12611
12612
12616
12617
12618
12619
12620
12621
12622
12623
12624
12625
12626
12627
12628
12629
12630
12631
12632
12633
12634
12635
12653
12654
12655
12656
12657
12658
12659
12660
12661
12662
12663
12664
12665
12666
12667
12668
12669
12670
12671
12672
12690
12691
12692
12696
12697
12700
12701
12702
12703
12704
12705
12706
12707
12712
12713
12714
12718
12719
12720
12721
12722
12723
12724
12725
12726
12727
12728
12729
12730
12731
12732
12733
12734
12735
12736
12737
12755
12756
12757
12758
12759
12760
12761
12762
12767
12768
12769
12770
12771
12772
12773
12774
12779
12780
12781
12782
12787
12788
12789
12790
12791
12792
12793
12794
12795
12796
12797
12798
12799
12800
12801
12802
12803
12804
12805
12806
12824
12825
12826
12830
12831
12832
12833
12834
12835
12836
12837
12842
12843
12844
12845
12846
12847
12848
12849
12850
12851
12852
12853
12854
12855
12856
12857
12858
12859
12860
12861
12879
12880
12883
12884
12885
12886
12887
12893
12894
12895
12896
12897
12898
12899
12900
12905
12906
12907
12908
12913
12914
12915
12916
12917
12918
12919
12920
12921
12922
12923
12924
12925
12926
12927
12928
12929
12930
12931
12932
12950
12951
12952
12953
12954
12955
12956
12957
12958
12959
12960
12961
12962
12963
12964
12965
12966
12967
12968
12969
12987
12988
12991
12992
12993
12994
12995
12996
12997
12998
13003
13004
13005
13006
13007
13008
13009
13010
13011
13012
13013
13014
13015
13016
13017
13018
13019
13020
13021
13022
13040
13041
13042
13043
13044
13045
13046
13047
13052
13053
13054
13055
13056
13057
13058
13059
13060
13061
13062
13063
13064
13065
13066
13067
13068
13069
13070
13071
13089
13090
13091
13092
13093
13094
13095
13096
13097
13098
13099
13100
13101
13102
13103
13104
13105
13106
13107
13108
13126
13127
13128
13129
13130
13131
13132
13140
13141
13142
13143
13144
13145
13146
13147
13152
13153
13154
13155
13156
13157
13158
13159
13164
13165
13166
13167
13168
13169
13170
13171
13176
13177
13178
13182
13183
13184
13188
13189
13190
13191
13192
13193
13194
13195
13196
13197
13198
13199
13200
13201
13202
13203
13204
13205
13206
13207
13225
13226
13227
13228
13229
13230
13231
13232
13237
13238
13239
13240
13245
13246
13247
13251
13252
13253
13254
13255
13256
13257
13258
13259
13260
13261
13262
13263
13268
13269
13270
13271
13272
13273
13274
13275
13280
13281
13282
13283
13284
13285
13286
13287
13288
13289
13290
13291
13292
13293
13294
13295
13296
13297
13298
13299
13317
13318
13319
13320
13321
13322
13323
13324
13329
13330
13331
13332
13333
13334
13335
13336
13341
13342
13343
13344
13345
13346
13347
13348
13349
13350
13351
13352
13353
13354
13355
13356
13357
13358
13359
13360
13378
13379
13380
13381
13382
13383
13384
13385
13390
13391
13392
13393
13394
13395
13396
13397
13398
13399
13400
13401
13402
13403
13404
13405
13406
13407
13408
13409
13427
13428
13429
13430
13431
13432
13433
13441
13442
13443
13444
13445
13446
13447
13448
13453
13454
13455
13456
13457
13458
13459
13467
13468
13469
13473
13474
13475
13476
13477
13478
13479
13480
13481
13482
13483
13484
13485
13486
13487
13488
13489
13490
13491
13492
13510
13511
13512
13513
13514
13515
13516
13517
13522
13523
13524
13525
13526
13527
13528
13529
13534
13535
13536
13537
13538
13539
13540
13548
13549
13550
13551
13552
13553
13554
13555
13556
13557
13558
13559
13560
13561
13562
13563
13564
13565
13566
13567
13585
13586
13587
13588
13589
13590
13591
13592
13597
13598
13599
13600
13601
13602
13603
13604
13605
13606
13607
13608
13609
13610
13611
13612
13613
13614
13615
13616
13634
13635
13636
13637
13638
13639
13640
13641
13646
13647
13648
13652
13653
13654
13658
13659
13660
13661
13662
13663
13664
13665
13666
13667
13668
13669
13670
13671
13672
13673
13674
13675
13676
13677
13695
13696
13697
13698
13699
13700
13701
13702
13703
13704
13705
13706
13707
13708
13709
13710
13711
13712
13713
13714
13732
13733
13734
13735
13736
13737
13738
13739
13740
13741
13742
13743
13744
13745
13746
13747
13748
13749
13750
13751
13769
13770
13771
13772
13773
13774
13775
13783
13784
13785
13786
13787
13788
13789
13790
13791
13792
13793
13794
13795
13796
13797
13798
13799
13800
13801
13802
13820
13821
13822
13823
13828
13829
13830
13834
13835
13836
13837
13838
13839
13840
13841
13846
13847
13850
13851
13852
13853
13858
13859
13860
13864
13865
13866
13867
13868
13869
13870
13871
13876
13877
13878
13879
13880
13881
13882
13883
13884
13885
13886
13887
13888
13889
13890
13891
13892
13893
13894
13895
13913
13914
13915
13916
13917
13918
13919
13920
13921
13922
13923
13924
13925
13926
13927
13928
13929
13930
13931
13932
13950
13951
13954
13955
13956
13957
13958
13959
13960
13961
13966
13967
13968
13969
13970
13971
13972
13973
13978
13979
13980
13984
13985
13986
13987
13988
13989
13990
13991
13992
13993
13994
13995
13996
13997
13998
13999
14000
14001
14002
14003
14021
14022
14023
14027
14028
14029
14030
14031
14032
14033
14034
14035
14036
14037
14038
14039
14040
14041
14042
14043
14044
14045
14046
14064
14065
14066
14067
14068
14069
14070
14071
14072
14073
14074
14075
14076
14077
14078
14079
14080
14081
14082
14083
14101
14102
14103
14107
14108
14109
14110
14111
14112
14113
14114
14119
14120
14121
14122
14123
14124
14125
14133
14134
14135
14136
14137
14138
14139
14140
14141
14142
14143
14144
14145
14146
14147
14148
14149
14150
14151
14152
14170
14171
14172
14176
14177
14178
14182
14183
14184
14185
14190
14191
14194
14195
14196
14197
14198
14199
14200
14201
14202
14203
14204
14205
14206
14207
14208
14209
14210
14211
14212
14213
14231
14232
14233
14234
14235
14236
14237
14238
14243
14244
14245
14246
14247
14248
14249
14250
14251
14252
14253
14254
14255
14256
14257
14258
14259
14260
14261
14262
14280
14281
14284
14285
14286
14287
14288
14294
14295
14296
14300
14301
14302
14303
14304
14305
14306
14307
14308
14309
14310
14311
14312
14313
14314
14315
14316
14317
14318
14319
14337
14338
14339
14340
14341
14342
14343
14344
14349
14350
14351
14352
14353
14354
14355
14356
14361
14362
14363
14364
14365
14366
14367
14368
14369
14370
14371
14372
14373
14374
14375
14376
14377
14378
14379
14380
14398
14399
14400
14401
14402
14403
14404
14405
14406
14407
14408
14409
14410
14411
14412
14413
14414
14415
14416
14417
14435
14436
14437
14441
14442
14443
14444
14445
14446
14447
14455
14456
14457
14458
14459
14460
14461
14462
14467
14468
14469
14473
14474
14477
14478
14479
14483
14484
14485
14486
14487
14488
14489
14490
14491
14492
14493
14494
14495
14496
14497
14498
14499
14500
14501
14502
14520
14521
14522
14523
14524
14525
14526
14527
14532
14533
14534
14535
14536
14537
14538
14539
14540
14541
14542
14543
14544
14549
14550
14551
14552
14553
14554
14555
14556
14561
14562
14563
14564
14565
14566
14567
14568
14569
14570
14571
14572
14573
14574
14575
14576
14577
14578
14579
14580
14598
14599
14600
14601
14602
14603
14604
14605
14610
14611
14612
14613
14614
14620
14621
14622
14623
14624
14625
14626
14627
14628
14629
14630
14631
14632
14633
14634
14635
14636
14637
14638
14639
14657
14658
14661
14662
14663
14667
14668
14669
14673
14674
14675
14679
14680
14681
14685
14686
14687
14688
14689
14695
14696
14697
14698
14699
14700
14701
14702
14703
14704
14705
14706
14707
14708
14709
14710
14711
14712
14713
14714
14732
14733
14734
14735
14736
14737
14738
14739
14740
14741
14742
14743
14744
14745
14746
14747
14748
14749
14750
14751
14769
14770
14771
14772
14773
14774
14775
14776
14781
14782
14783
14784
14785
14786
14787
14788
14789
14790
14791
14792
14793
14794
14795
14796
14797
14798
14799
14800
14818
14819
14820
14821
14822
14823
14824
14825
14830
14831
14832
14833
14834
14835
14836
14837
14838
14839
14840
14841
14842
14843
14844
14845
14846
14847
14848
14849
14867
14868
14869
14870
14871
14872
14873
14881
14882
14883
14884
14885
14886
14887
14895
14896
14897
14898
14899
14900
14901
14902
14903
14904
14905
14906
14907
14908
14909
14910
14911
14912
14913
14914
14932
14933
14934
14935
14940
14941
14942
14943
14944
14945
14946
14947
14948
14949
14950
14951
14952
14953
14954
14955
14956
14957
14958
14959
14977
14978
14979
14980
14981
14982
14983
14984
14989
14990
14991
14992
14993
14994
14995
14996
14997
14998
14999
15000
15001
15002
15003
15004
15005
15006
15007
15008
15026
15027
15028
15032
15033
15034
15035
15040
15041
15042
15046
15047
15048
15049
15050
15051
15052
15053
15054
15055
15056
15057
15058
15059
15060
15061
15062
15063
15064
15065
15083
15084
15085
15089
15090
15091
15092
15093
15094
15095
15096
15101
15102
15103
15104
15105
15106
15107
15108
15109
15110
15111
15112
15113
15114
15115
15116
15117
15118
15119
15120
15138
15139
15140
15141
15142
15143
15144
15145
15150
15151
15152
15156
15157
15158
15162
15163
15164
15165
15166
15167
15168
15169
15170
15171
15172
15173
15174
15175
15176
15177
15178
15179
15180
15181
15199
15200
15201
15202
15203
15204
15205
15206
15211
15212
15213
15214
15215
15216
15217
15218
15219
15220
15221
15222
15223
15224
15225
15226
15227
15228
15229
15230
15248
15249
15250
15254
15255
15256
15257
15258
15259
15260
15261
15262
15263
15264
15265
15266
15267
15268
15269
15270
15271
15272
15273
15291
15292
15293
15294
15295
15296
15297
15298
15303
15304
15305
15306
15307
15308
15309
15310
15315
15316
15317
15321
15322
15323
15324
15325
15326
15327
15328
15333
15334
15335
15336
15337
15338
15339
15340
15341
15342
15343
15344
15345
15346
15347
15348
15349
15350
15351
15352
15370
15371
15372
15376
15377
15378
15379
15380
15381
15382
15383
15388
15389
15390
15391
15392
15393
15394
15395
15396
15397
15398
15399
15400
15401
15402
15403
15404
15405
15406
15407
15425
15426
15427
15428
15429
15430
15431
15432
15437
15438
15439
15440
15441
15447
15448
15449
15450
15451
15452
15453
15454
15459
15460
15461
15462
15463
15464
15465
15466
15467
15468
15469
15470
15471
15472
15473
15474
15475
15476
15477
15478
15496
15497
15498
15499
15500
15501
15502
15503
15508
15509
15510
15511
15512
15513
15514
15515
15516
15517
15518
15519
15520
15521
15522
15523
15524
15525
15526
15527
15545
15546
15549
15550
15551
15555
15556
15557
15561
15562
15563
15564
15565
15566
15567
15568
15569
15570
15571
15572
15573
15574
15575
15576
15577
15578
15579
15580
15598
15599
15600
15601
15602
15608
15609
15610
15611
15612
15613
15614
15615
15620
15621
15622
15623
15624
15625
15626
15627
15632
15633
15634
15635
15636
15637
15638
15639
15640
15641
15642
15643
15644
15649
15650
15651
15652
15653
15654
15655
15656
15657
15658
15659
15660
15661
15662
15663
15664
15665
15666
15667
15668
15686
15687
15688
15689
15690
15691
15692
15693
15694
15695
15696
15697
15698
15699
15700
15701
15702
15703
15704
15705
15723
15724
15725
15726
15727
15728
15729
15737
15738
15739
15740
15741
15742
15743
15744
15745
15746
15747
15748
15749
15750
15751
15752
15753
15754
15755
15756
15774
15775
15776
15780
15781
15782
15783
15784
15785
15786
15794
15795
15796
15797
15798
15799
15800
15801
15806
15807
15808
15809
15814
15815
15816
15817
15818
15819
15820
15821
15826
15827
15828
15829
15834
15835
15836
15840
15841
15844
15845
15846
15850
15851
15854
15855
15856
15857
15858
15859
15860
15861
15862
15863
15864
15865
15866
15867
15868
15869
15870
15871
15872
15873
15891
15892
15893
15894
15895
15896
15897
15898
15903
15904
15905
15906
15907
15908
15909
15910
15915
15916
15917
15921
15922
15925
15926
15927
15928
15929
15930
15931
15932
15933
15934
15935
15936
15937
15938
15939
15940
15941
15942
15943
15944
15962
15963
15964
15965
15966
15967
15968
15969
15970
15971
15972
15973
15974
15975
15976
15977
15978
15979
15980
15981
15999
16000
16001
16005
16006
16007
16008
16009
16010
16011
16019
16020
16021
16022
16023
16024
16025
16026
16031
16032
16033
16037
16038
16039
16040
16041
16042
16043
16044
16045
16046
16047
16048
16049
16050
16051
16052
16053
16054
16055
16056
16074
16075
16076
16077
16078
16079
16080
16081
16086
16087
16088
16089
16090
16091
16092
16100
16101
16102
16103
16104
16105
16106
16114
16115
16116
16120
16121
16122
16126
16127
16128
16132
16133
16134
16138
16139
16140
16141
16142
16143
16144
16145
16146
16147
16148
16149
16150
16151
16152
16153
16154
16155
16156
16157
16175
16176
16177
16178
16179
16185
16186
16187
16188
16189
16190
16191
16192
16193
16194
16195
16196
16197
16198
16199
16200
16201
16202
16203
16204
16222
16223
16224
16225
16226
16227
16228
16229
16234
16235
16236
16240
16241
16242
16243
16244
16245
16246
16254
16255
16256
16257
16258
16259
16260
16261
16262
16263
16264
16265
16266
16267
16268
16269
16270
16271
16272
16273
16291
16292
16293
16294
16295
16296
16297
16298
16299
16300
16301
16302
16303
16304
16305
16306
16307
16308
16309
16310
16328
16329
16330
16331
16332
16333
16334
16335
16336
16337
16338
16339
16340
16341
16342
16343
16344
16345
16346
16347
16365
16366
16367
16368
16369
16370
16371
16372
16373
16374
16375
16376
16377
16378
16379
16380
16381
16382
16383
16384
16402
16403
16404
16408
16409
16410
16411
16412
16413
16414
16415
16420
16421
16422
16426
16427
16428
16429
16430
16431
16432
16433
16438
16439
16440
16441
16442
16443
16444
16452
16453
16454
16455
16456
16457
16458
16466
16467
16468
16469
16470
16476
16477
16478
16479
16480
16481
16482
16483
16488
16489
16490
16491
16492
16493
16494
16495
16496
16497
16498
16499
16500
16501
16502
16503
16504
16505
16506
16507
16525
16526
16527
16528
16529
16530
16531
16532
16537
16538
16539
16540
16541
16542
16543
16544
16549
16550
16551
16552
16553
16554
16555
16556
16557
16558
16559
16560
16561
16562
16563
16564
16565
16566
16567
16568
16586
16587
16588
16589
16590
16596
16597
16598
16599
16600
16601
16602
16603
16604
16605
16606
16607
16608
16609
16610
16611
16612
16613
16614
16615
16633
16634
16635
16636
16637
16638
16639
16640
16645
16646
16647
16648
16649
16650
16651
16652
16653
16654
16655
16656
16657
16658
16659
16660
16661
16662
16663
16664
16682
16683
16684
16688
16689
16690
16691
16692
16693
16694
16695
16700
16701
16702
16703
16704
16705
16706
16707
16708
16709
16710
16711
16712
16713
16714
16715
16716
16717
16718
16719
16737
16738
16739
16743
16744
16745
16746
16751
16752
16753
16757
16758
16759
16763
16764
16765
16766
16767
16768
16769
16777
16778
16781
16782
16783
16784
16785
16786
16787
16788
16793
16794
16795
16796
16797
16798
16799
16800
16801
16802
16803
16804
16805
16806
16807
16808
16809
16810
16811
16812
16830
16831
16832
16833
16834
16835
16836
16837
16842
16843
16844
16845
16846
16847
16848
16849
16850
16851
16852
16853
16854
16855
16856
16857
16858
16859
16860
16861
16879
16880
16883
16884
16885
16889
16890
16891
16892
16893
16894
16895
16896
16897
16898
16899
16900
16901
16902
16903
16904
16905
16906
16907
16908
16926
16927
16928
16929
16930
16931
16932
16933
16934
16935
16936
16937
16938
16939
16940
16941
16942
16943
16944
16945
16963
16964
16965
16966
16967
16968
16969
16970
16975
16976
16977
16978
16979
16980
16981
16982
16987
16988
16989
16990
16991
16992
16993
16994
16995
16996
16997
16998
16999
17000
17001
17002
17003
17004
17005
17006
17024
17025
17026
17030
17031
17032
17033
17038
17039
17042
17043
17044
17048
17049
17050
17051
17052
17053
17054
17055
17060
17061
17062
17063
17064
17065
17066
17074
17075
17076
17077
17078
17079
17080
17081
17082
17083
17084
17085
17086
17087
17088
17089
17090
17091
17092
17093
17111
17112
17113
17114
17115
17116
17117
17118
17123
17124
17125
17126
17127
17128
17129
17130
17135
17136
17137
17138
17139
17140
17141
17142
17143
17144
17145
17146
17147
17152
17153
17154
17155
17156
17162
17163
17164
17165
17166
17167
17168
17169
17170
17171
17172
17173
17174
17175
17176
17177
17178
17179
17180
17181
17199
17200
17201
17202
17203
17204
17205
17206
17211
17212
17213
17214
17215
17216
17217
17218
17219
17220
17221
17222
17223
17224
17225
17226
17227
17228
17229
17230
17248
17249
17250
17251
17252
17253
17254
17255
17260
17261
17262
17266
17267
17268
17269
17270
17271
17272
17273
17274
17275
17276
17277
17278
17279
17280
17281
17282
17283
17284
17285
17303
17304
17305
17306
17307
17313
17314
17315
17316
17317
17318
17319
17320
17325
17326
17327
17328
17329
17330
17331
17339
17340
17341
17342
17343
17344
17345
17346
17347
17348
17349
17350
17351
17352
17353
17354
17355
17356
17357
17358
17376
17377
17378
17382
17383
17384
17388
17389
17392
17393
17394
17398
17399
17400
17401
17402
17403
17404
17405
17406
17407
17408
17409
17410
17411
17412
17413
17414
17415
17416
17417
17435
17436
17437
17438
17447
17448
17449
17450
17451
17452
17453
17454
17459
17460
17461
17462
17463
17464
17465
17466
17467
17468
17469
17470
17471
17472
17473
17474
17475
17476
17477
17478
17496
17497
17498
17499
17500
17501
17502
17503
17508
17509
17510
17511
17512
17513
17514
17515
17516
17517
17518
17519
17520
17521
17522
17523
17524
17525
17526
17527
17545
17546
17547
17548
17549
17550
17551
17552
17553
17554
17555
17556
17557
17558
17559
17560
17561
17562
17563
17564
17582
17583
17584
17588
17589
17590
17591
17592
17593
17594
17595
17596
17597
17598
17599
17600
17601
17602
17603
17604
17605
17606
17607
17625
17626
17627
17628
17629
17630
17631
17632
17633
17634
17635
17636
17637
17638
17639
17640
17641
17642
17643
17644
17662
17663
17664
17665
17666
17667
17668
17669
17674
17675
17676
17677
17678
17679
17680
17688
17689
17690
17691
17692
17693
17694
17695
17696
17697
17698
17699
17700
17701
17702
17703
17704
17705
17706
17707
17725
17726
17727
17728
17729
17730
17731
17732
17737
17738
17739
17740
17741
17742
17743
17744
17745
17746
17747
17748
17749
17750
17751
17752
17753
17754
17755
17756
17774
17775
17776
17780
17781
17782
17786
17787
17788
17789
17790
17791
17792
17793
17798
17799
17800
17801
17802
17803
17804
17805
17806
17807
17808
17809
17810
17811
17812
17813
17814
17815
17816
17817
17835
17836
17837
17838
17843
17844
17845
17849
17850
17851
17852
17853
17854
17855
17856
17861
17862
17863
17864
17865
17866
17867
17868
17873
17874
17875
17876
17877
17878
17879
17880
17881
17882
17883
17884
17885
17886
17887
17888
17889
17890
17891
17892
17910
17911
17912
17913
17914
17920
17921
17922
17923
17924
17930
17931
17932
17933
17934
17935
17936
17937
17942
17943
17944
17945
17946
17947
17948
17949
17950
17951
17952
17953
17954
17955
17956
17957
17958
17959
17960
17961
17979
17980
17981
17982
17983
17984
17985
17986
17987
17988
17989
17990
17991
17992
17993
17994
17995
17996
17997
17998
18016
18017
18018
18019
18020
18021
18022
18023
18024
18025
18026
18027
18028
18029
18030
18031
18032
18033
18034
18035
18053
18054
18055
18056
18057
18058
18059
18060
18061
18062
18063
18064
18065
18070
18071
18072
18076
18077
18078
18079
18080
18081
18082
18083
18084
18085
18086
18087
18088
18089
18090
18091
18092
18093
18094
18095
18113
18114
18115
18116
18117
18118
18119
18120
18125
18126
18127
18128
18129
18135
18136
18137
18138
18139
18140
18141
18142
18143
18144
18145
18146
18147
18148
18149
18150
18151
18152
18153
18154
18172
18173
18174
18175
18176
18177
18178
18186
18187
18188
18189
18190
18196
18197
18198
18199
18200
18201
18202
18203
18208
18209
18210
18211
18212
18213
18214
18215
18216
18217
18218
18219
18220
18221
18222
18223
18224
18225
18226
18227
18245
18246
18249
18250
18251
18255
18256
18257
18261
18262
18263
18264
18265
18266
18267
18268
18269
18270
18271
18272
18273
18274
18275
18276
18277
18278
18279
18280
18298
18299
18300
18301
18302
18303
18304
18305
18306
18307
18308
18309
18310
18311
18312
18313
18314
18315
18316
18317
18335
18336
18337
18338
18339
18340
18341
18342
18343
18344
18345
18346
18347
18348
18349
18350
18351
18352
18353
18354
18372
18373
18374
18375
18376
18377
18378
18379
18384
18385
18386
18387
18388
18389
18390
18391
18396
18397
18398
18399
18400
18401
18402
18403
18404
18405
18406
18407
18408
18409
18410
18411
18412
18413
18414
18415
18433
18434
18435
18436
18437
18438
18439
18440
18445
18446
18447
18448
18449
18450
18451
18452
18453
18454
18455
18456
18457
18458
18459
18460
18461
18462
18463
18464
18482
18483
18484
18488
18489
18490
18494
18495
18496
18497
18498
18499
18500
18501
18502
18503
18504
18505
18506
18507
18508
18509
18510
18511
18512
18513
18531
18532
18533
18534
18535
18536
18537
18538
18543
18544
18545
18549
18550
18551
18555
18556
18557
18558
18563
18564
18565
18569
18570
18571
18572
18573
18574
18575
18583
18584
18585
18589
18590
18591
18592
18593
18594
18595
18596
18601
18602
18603
18604
18605
18606
18607
18615
18616
18617
18618
18619
18620
18621
18622
18623
18624
18625
18626
18627
18628
18629
18630
18631
18632
18633
18634
18652
18653
18656
18657
18658
18659
18660
18661
18662
18663
18668
18669
18670
18671
18672
18673
18674
18682
18683
18684
18688
18689
18690
18691
18692
18693
18694
18695
18696
18697
18698
18699
18700
18701
18702
18703
18704
18705
18706
18707
18725
18726
18727
18731
18732
18735
18736
18739
18740
18741
18745
18746
18747
18748
18749
18750
18751
18752
18753
18754
18755
18756
18757
18758
18759
18760
18761
18762
18763
18764
18782
18783
18784
18785
18786
18787
18788
18789
18794
18795
18796
18797
18798
18799
18800
18801
18802
18803
18804
18805
18806
18807
18808
18809
18810
18811
18812
18813
18831
18832
18833
18834
18835
18836
18837
18838
18843
18844
18845
18849
18850
18851
18852
18853
18854
18855
18856
18857
18858
18859
18860
18861
18862
18863
18864
18865
18866
18867
18868
18886
18887
18888
18892
18893
18894
18895
18896
18897
18898
18899
18900
18901
18902
18903
18904
18905
18906
18907
18908
18909
18910
18911
18929
18930
18931
18932
18933
18934
18935
18936
18937
18938
18939
18940
18941
18942
18943
18944
18945
18946
18947
18948
18966
18967
18970
18971
18972
18976
18977
18978
18979
18980
18981
18982
18983
18984
18985
18986
18987
18988
18989
18990
18991
18992
18993
18994
18995
19013
19014
19015
19016
19017
19018
19019
19020
19025
19026
19027
19031
19032
19033
19037
19038
19039
19043
19044
19045
19046
19047
19048
19049
19050
19055
19056
19057
19061
19062
19065
19066
19067
19068
19069
19070
19071
19072
19073
19074
19075
19076
19077
19078
19079
19080
19081
19082
19083
19084
19102
19103
19104
19108
19109
19110
19114
19115
19116
19117
19118
19119
19120
19121
19126
19127
19128
19129
19130
19131
19132
19133
19134
19135
19136
19137
19138
19139
19140
19141
19142
19143
19144
19145
19163
19164
19165
19169
19170
19171
19175
19176
19177
19178
19183
19184
19185
19186
19187
19188
19189
19197
19198
19199
19203
19204
19207
19208
19209
19210
19211
19212
19213
19221
19222
19223
19224
19229
19230
19231
19232
19233
19234
19235
19236
19237
19238
19239
19240
19241
19242
19243
19244
19245
19246
19247
19248
19266
19267
19268
19272
19273
19276
19277
19278
19279
19280
19281
19282
19283
19288
19289
19290
19291
19296
19297
19298
19299
19300
19301
19302
19303
19308
19309
19310
19311
19312
19313
19314
19315
19316
19317
19318
19319
19320
19321
19322
19323
19324
19325
19326
19327
19345
19346
19347
19348
19349
19350
19351
19352
19357
19358
19359
19360
19361
19362
19363
19364
19365
19366
19367
19368
19369
19370
19371
19372
19373
19374
19375
19376
19394
19395
19396
19397
19398
19399
19400
19401
19402
19403
19404
19405
19406
19407
19408
19409
19410
19411
19412
19413
19431
19432
19435
19436
19437
19441
19442
19443
19444
19445
19446
19447
19448
19449
19450
19451
19452
19453
19454
19455
19456
19457
19458
19459
19460
19478
19479
19480
19484
19485
19486
19490
19491
19492
19493
19494
19495
19496
19497
19498
19499
19500
19501
19502
19503
19504
19505
19506
19507
19508
19509
19527
19528
19529
19533
19534
19535
19539
19540
19541
19545
19546
19547
19548
19549
19550
19551
19552
19553
19554
19555
19556
19557
19558
19559
19560
19561
19562
19563
19564
19582
19583
19584
19585
19586
19587
19588
19589
19590
19591
19592
19593
19594
19599
19600
19601
19605
19606
19607
19608
19609
19610
19611
19612
19613
19614
19615
19616
19617
19618
19619
19620
19621
19622
19623
19624
19642
19643
19644
19645
19646
19647
19648
19649
19654
19655
19656
19657
19658
19659
19660
19661
19662
19663
19664
19665
19666
19667
19668
19669
19670
19671
19672
19673
19691
19692
19693
19694
19695
19696
19697
19698
19703
19704
19705
19709
19710
19711
19712
19713
19714
19715
19716
19717
19718
19719
19720
19721
19722
19723
19724
19725
19726
19727
19728
19746
19747
19748
19749
19754
19755
19756
19757
19758
19759
19760
19761
19762
19763
19764
19765
19766
19767
19768
19769
19770
19771
19772
19773
19791
19792
19793
19797
19798
19799
19800
19801
19802
19803
19811
19812
19813
19814
19815
19816
19817
19818
19823
19824
19825
19826
19827
19828
19829
19830
19831
19832
19833
19834
19835
19836
19837
19838
19839
19840
19841
19842
19860
19861
19862
19863
19864
19865
19866
19867
19872
19873
19874
19878
19879
19880
19884
19885
19886
19887
19888
19889
19890
19891
19892
19893
19894
19895
19896
19897
19898
19899
19900
19901
19902
19903
19921
19922
19923
19927
19928
19929
19930
19931
19932
19933
19934
19939
19940
19941
19945
19946
19947
19948
19949
19950
19951
19952
19957
19958
19959
19960
19961
19962
19963
19964
19969
19970
19971
19972
19973
19974
19975
19976
19981
19982
19983
19984
19985
19986
19987
19988
19989
19990
19991
19992
19993
19994
19995
19996
19997
19998
19999
20000
20018
20019
20020
20024
20025
20026
20027
20028
20029
20030
20031
20036
20037
20038
20039
20040
20041
20042
20043
20044
20045
20046
20047
20048
20049
20050
20051
20052
20053
20054
20055
20073
20074
20075
20076
20077
20078
20079
20080
20085
20086
20087
20088
20089
20095
20096
20097
20098
20099
20100
20101
20102
20107
20108
20111
20112
20113
20114
20115
20116
20117
20118
20119
20120
20121
20122
20123
20124
20125
20126
20127
20128
20129
20130
20148
20149
20150
20151
20152
20153
20154
20155
20160
20161
20162
20163
20164
20165
20166
20167
20172
20173
20174
20178
20179
20180
20184
20185
20188
20189
20190
20191
20192
20193
20194
20195
20196
20197
20198
20199
20200
20201
20202
20203
20204
20205
20206
20207
20225
20226
20227
20228
20229
20230
20231
20232
20237
20238
20241
20242
20243
20244
20245
20246
20247
20248
20249
20250
20251
20252
20253
20254
20255
20256
20257
20258
20259
20260
20278
20279
20280
20281
20282
20283
20284
20285
20286
20287
20288
20289
20290
20291
20292
20293
20294
20295
20296
20297
20315
20316
20317
20321
20322
20325
20326
20327
20328
20329
20330
20331
20332
20333
20334
20335
20336
20337
20338
20339
20340
20341
20342
20343
20344
20362
20363
20364
20365
20366
20367
20368
20369
20374
20375
20376
20377
20378
20379
20380
20381
20382
20383
20384
20385
20386
20387
20388
20389
20390
20391
20392
20393
20411
20412
20413
20414
20415
20416
20417
20418
20423
20424
20425
20426
20427
20428
20429
20437
20438
20439
20440
20441
20442
20443
20444
20445
20446
20447
20448
20449
20450
20451
20452
20453
20454
20455
20456
20474
20475
20476
20477
20478
20479
20480
20488
20489
20490
20491
20496
20497
20498
20502
20503
20504
20505
20506
20507
20508
20516
20517
20518
20522
20523
20524
20528
20529
20530
20531
20532
20533
20534
20535
20536
20537
20538
20539
20540
20541
20542
20543
20544
20545
20546
20547
20565
20566
20567
20568
20569
20570
20571
20579
20580
20581
20585
20586
20587
20591
20592
20593
20594
20595
20596
20597
20598
20599
20600
20601
20602
20603
20604
20605
20606
20607
20608
20609
20610
20628
20629
20630
20634
20635
20636
20640
20641
20642
20643
20644
20645
20646
20647
20648
20649
20650
20651
20652
20653
20654
20655
20656
20657
20658
20659
20677
20678
20679
20683
20684
20685
20686
20687
20688
20689
20697
20698
20699
20700
20701
20702
20703
20704
20705
20706
20707
20708
20709
20710
20711
20712
20713
20714
20715
20716
20734
20735
20736
20737
20738
20739
20740
20741
20746
20747
20748
20749
20750
20751
20752
20753
20754
20755
20756
20757
20758
20763
20764
20765
20766
20767
20768
20769
20777
20778
20779
20780
20781
20782
20783
20784
20785
20786
20787
20788
20789
20794
20795
20796
20797
20798
20799
20800
20801
20806
20807
20808
20809
20810
20811
20812
20820
20821
20822
20823
20824
20825
20826
20827
20828
20829
20830
20831
20832
20833
20834
20835
20836
20837
20838
20839
20857
20858
20859
20860
20861
20862
20863
20864
20865
20866
20867
20868
20869
20870
20871
20872
20873
20874
20875
20876
20894
20895
20898
20899
20900
20904
20905
20906
20907
20908
20909
20910
20911
20912
20913
20914
20915
20916
20917
20918
20919
20920
20921
20922
20923
20941
20942
20943
20944
20945
20946
20947
20948
20949
20950
20951
20952
20953
20954
20955
20956
20957
20958
20959
20960
20978
20979
20982
20983
20984
20985
20986
20987
20988
20989
20990
20991
20992
20993
20994
20995
20996
20997
20998
20999
21000
21001
21019
21020
21021
21022
21023
21024
21025
21026
21027
21028
21029
21030
21031
21032
21033
21034
21035
21036
21037
21038
21056
21057
21058
21059
21060
21061
21062
21063
21068
21069
21070
21071
21072
21073
21074
21075
21076
21077
21078
21079
21080
21081
21082
21083
21084
21085
21086
21087
21105
21106
21107
21108
21109
21110
21111
21112
21117
21118
21119
21120
21121
21122
21123
21124
21129
21130
21131
21132
21133
21134
21135
21136
21137
21138
21139
21140
21141
21142
21143
21144
21145
21146
21147
21148
21166
21167
21168
21169
21170
21171
21172
21173
21178
21179
21180
21181
21182
21183
21184
21185
21190
21191
21192
21193
21194
21195
21196
21197
21198
21199
21200
21201
21202
21203
21204
21205
21206
21207
21208
21209
21227
21228
21229
21230
21231
21232
21233
21234
21239
21240
21241
21242
21243
21244
21245
21246
21251
21252
21253
21254
21259
21260
21261
21262
21263
21264
21265
21266
21271
21272
21273
21274
21275
21276
21277
21278
21279
21280
21281
21282
21283
21284
21285
21286
21287
21288
21289
21290
21308
21309
21312
21313
21314
21318
21319
21320
21321
21326
21327
21328
21332
21333
21334
21335
21336
21337
21338
21339
21340
21341
21342
21343
21344
21345
21346
21347
21348
21349
21350
21351
21369
21370
21371
21375
21376
21377
21378
21379
21380
21381
21382
21383
21384
21385
21386
21387
21388
21389
21390
21391
21392
21393
21394
21412
21413
21414
21418
21419
21420
21424
21425
21426
21430
21431
21432
21433
21434
21435
21436
21437
21438
21439
21440
21441
21442
21443
21444
21445
21446
21447
21448
21449
21467
21468
21469
21473
21474
21475
21476
21477
21478
21479
21480
21481
21482
21483
21484
21485
21486
21487
21488
21489
21490
21491
21492
21510
21511
21512
21513
21514
21515
21516
21517
21522
21523
21524
21528
21529
21530
21531
21532
21538
21539
21540
21541
21542
21543
21544
21545
21546
21547
21548
21549
21550
21551
21552
21553
21554
21555
21556
21557
21575
21576
21577
21578
21579
21580
21581
21582
21587
21588
21589
21590
21591
21592
21593
21594
21599
21600
21601
21602
21603
21604
21605
21606
21607
21608
21609
21610
21611
21616
21617
21618
21619
21620
21621
21622
21623
21624
21625
21626
21627
21628
21629
21630
21631
21632
21633
21634
21635
21653
21654
21655
21656
21657
21658
21659
21660
21665
21666
21667
21668
21669
21670
21671
21672
21677
21678
21681
21682
21683
21687
21688
21689
21690
21691
21692
21693
21694
21695
21696
21697
21698
21699
21700
21701
21702
21703
21704
21705
21706
21724
21725
21726
21727
21728
21729
21730
21738
21739
21740
21744
21745
21746
21747
21748
21749
21750
21751
21756
21757
21758
21759
21760
21761
21762
21763
21768
21769
21770
21771
21772
21773
21774
21775
21776
21777
21778
21779
21780
21781
21782
21783
21784
21785
21786
21787
21805
21806
21807
21808
21809
21810
21811
21812
21813
21814
21815
21816
21817
21818
21819
21820
21821
21822
21823
21824
21842
21843
21844
21848
21849
21852
21853
21854
21855
21856
21857
21858
21859
21864
21865
21866
21867
21868
21869
21870
21878
21879
21880
21881
21882
21883
21884
21892
21893
21896
21897
21898
21899
21900
21901
21902
21903
21904
21905
21906
21907
21908
21909
21910
21911
21912
21913
21914
21915
21933
21934
21935
21936
21937
21938
21939
21940
21941
21942
21943
21944
21945
21946
21947
21948
21949
21950
21951
21952
21970
21971
21974
21975
21976
21980
21981
21982
21983
21984
21985
21986
21987
21988
21989
21990
21991
21992
21993
21994
21995
21996
21997
21998
21999
22017
22018
22019
22020
22021
22022
22023
22024
22025
22026
22027
22028
22029
22030
22031
22032
22033
22034
22035
22036
22054
22055
22056
22057
22058
22059
22060
22061
22062
22063
22064
22065
22066
22067
22068
22069
22070
22071
22072
22073
22091
22092
22093
22094
22095
22096
22097
22098
22099
22100
22101
22102
22103
22108
22109
22110
22111
22112
22113
22114
22115
22116
22117
22118
22119
22120
22121
22122
22123
22124
22125
22126
22127
22145
22146
22147
22148
22149
22150
22151
22152
22153
22154
22155
22156
22157
22158
22159
22160
22161
22162
22163
22164
22182
22183
22184
22185
22186
22187
22188
22189
22194
22195
22196
22197
22198
22199
22200
22201
22206
22207
22208
22209
22210
22211
22212
22213
22214
22215
22216
22217
22218
22219
22220
22221
22222
22223
22224
22225
22243
22244
22245
22246
22247
22248
22249
22250
22251
22252
22253
22254
22255
22256
22257
22258
22259
22260
22261
22262
22280
22281
22282
22286
22287
22288
22289
22290
22291
22292
22293
22294
22295
22296
22297
22298
22299
22300
22301
22302
22303
22304
22305
22323
22324
22325
22326
22331
22332
22333
22337
22338
22339
22340
22341
22342
22343
22344
22349
22350
22351
22352
22353
22359
22360
22361
22365
22366
22369
22370
22371
22375
22376
22377
22381
22382
22383
22384
22385
22386
22387
22388
22393
22394
22397
22398
22399
22400
22401
22402
22403
22404
22409
22410
22411
22415
22416
22417
22418
22419
22420
22421
22422
22427
22428
22429
22433
22434
22435
22436
22437
22438
22439
22440
22441
22442
22443
22444
22445
22446
22447
22448
22449
22450
22451
22452
22470
22471
22472
22473
22474
22475
22476
22477
22478
22479
22480
22481
22482
22483
22484
22485
22486
22487
22488
22489
22507
22508
22511
22512
22513
22514
22515
22516
22517
22518
22519
22520
22521
22522
22523
22524
22525
22526
22527
22528
22529
22530
22548
22549
22550
22551
22556
22557
22558
22559
22560
22561
22562
22563
22568
22569
22570
22571
22572
22573
22574
22575
22576
22577
22578
22579
22580
22581
22582
22583
22584
22585
22586
22587
22605
22606
22609
22610
22611
22612
22613
22614
22615
22623
22624
22625
22626
22627
22628
22629
22637
22638
22639
22640
22641
22642
22643
22644
22645
22646
22647
22648
22649
22650
22651
22652
22653
22654
22655
22656
22674
22675
22678
22679
22680
22681
22682
22683
22684
22685
22690
22691
22692
22696
22697
22698
22702
22703
22704
22708
22709
22710
22714
22715
22716
22720
22721
22722
22726
22727
22728
22732
22733
22734
22735
22736
22737
22738
22746
22747
22748
22752
22753
22754
22755
22756
22757
22758
22766
22767
22768
22769
22774
22775
22776
22777
22778
22779
22780
22781
22782
22783
22784
22785
22786
22787
22788
22789
22790
22791
22792
22793
22811
22812
22813
22814
22815
22816
22817
22818
22819
22820
22821
22822
22823
22824
22825
22826
22827
22828
22829
22830
22848
22849
22850
22851
22856
22857
22858
22859
22860
22861
22862
22863
22868
22869
22870
22871
22872
22873
22874
22875
22880
22881
22882
22883
22884
22885
22886
22887
22888
22889
22890
22891
22892
22893
22894
22895
22896
22897
22898
22899
22917
22918
22919
22920
22921
22922
22923
22924
22925
22926
22927
22928
22929
22930
22931
22932
22933
22934
22935
22936
22954
22955
22956
22957
22958
22959
22960
22961
22966
22967
22968
22972
22973
22974
22975
22976
22977
22978
22979
22984
22985
22988
22989
22990
22994
22995
22996
22997
22998
22999
23000
23008
23009
23010
23011
23012
23013
23014
23015
23016
23017
23018
23019
23020
23021
23022
23023
23024
23025
23026
23027
23045
23046
23049
23050
23051
23052
23057
23058
23059
23060
23061
23062
23063
23071
23072
23073
23074
23075
23076
23077
23078
23079
23080
23081
23082
23083
23084
23085
23086
23087
23088
23089
23090
23108
23109
23110
23114
23115
23116
23120
23121
23122
23123
23124
23125
23126
23127
23132
23133
23134
23135
23140
23141
23142
23143
23144
23150
23151
23152
23153
23154
23160
23161
23162
23163
23164
23165
23166
23167
23168
23169
23170
23171
23172
23173
23174
23175
23176
23177
23178
23179
23197
23198
23199
23200
23201
23202
23203
23204
23209
23210
23211
23212
23217
23218
23219
23220
23221
23222
23223
23224
23229
23230
23231
23232
23233
23234
23235
23236
23237
23238
23239
23240
23241
23242
23243
23244
23245
23246
23247
23248
23266
23267
23268
23269
23270
23271
23272
23273
23278
23279
23280
23281
23282
23283
23284
23285
23286
23287
23288
23289
23290
23291
23292
23293
23294
23295
23296
23297
23315
23316
23319
23320
23321
23322
23323
23329
23330
23333
23334
23335
23336
23337
23338
23339
23340
23341
23342
23343
23344
23345
23346
23347
23348
23349
23350
23351
23352
23370
23371
23372
23373
23374
23375
23376
23377
23382
23383
23384
23385
23386
23387
23388
23389
23394
23395
23396
23397
23398
23399
23400
23401
23402
23403
23404
23405
23406
23407
23408
23409
23410
23411
23412
23413
23431
23432
23433
23437
23438
23439
23440
23441
23442
23443
23444
23449
23450
23451
23452
23453
23454
23455
23456
23461
23462
23463
23464
23465
23466
23467
23468
23469
23470
23471
23472
23473
23474
23475
23476
23477
23478
23479
23480
23498
23499
23500
23501
23502
23503
23504
23505
23506
23507
23508
23509
23510
23511
23512
23513
23514
23515
23516
23517
23535
23536
23537
23538
23539
23540
23541
23542
23547
23548
23549
23550
23551
23552
23553
23554
23559
23560
23561
23562
23563
23564
23565
23566
23567
23568
23569
23570
23571
23572
23573
23574
23575
23576
23577
23578
23596
23597
23598
23602
23603
23604
23605
23606
23607
23608
23609
23614
23615
23616
23617
23618
23619
23620
23621
23622
23623
23624
23625
23626
23627
23628
23629
23630
23631
23632
23633
23651
23652
23653
23654
23655
23661
23662
23663
23664
23665
23666
23667
23668
23673
23674
23675
23676
23677
23678
23679
23680
23681
23682
23683
23684
23685
23686
23687
23688
23689
23690
23691
23692
23710
23711
23712
23713
23714
23715
23716
23717
23722
23723
23724
23725
23726
23727
23728
23729
23734
23735
23736
23737
23738
23739
23740
23741
23742
23743
23744
23745
23746
23747
23748
23749
23750
23751
23752
23753
23771
23772
23773
23777
23778
23779
23780
23781
23782
23783
23784
23785
23786
23787
23788
23789
23790
23791
23792
23793
23794
23795
23796
23814
23815
23816
23817
23818
23819
23820
23821
23822
23823
23824
23825
23826
23827
23828
23829
23830
23831
23832
23833
23851
23852
23853
23854
23855
23856
23857
23858
23863
23864
23865
23866
23867
23868
23869
23870
23875
23876
23877
23878
23879
23880
23881
23882
23887
23888
23889
23890
23891
23892
23893
23894
23895
23896
23897
23898
23899
23900
23901
23902
23903
23904
23905
23906
23924
23925
23926
23930
23931
23932
23933
23934
23935
23936
23944
23945
23946
23947
23948
23949
23950
23951
23952
23953
23954
23955
23956
23957
23958
23959
23960
23961
23962
23963
23981
23982
23983
23984
23985
23986
23987
23988
23993
23994
23995
23996
23997
23998
23999
24000
24001
24002
24003
24004
24005
24006
24007
24008
24009
24010
24011
24012
24030
24031
24032
24033
24034
24035
24036
24044
24045
24046
24047
24048
24049
24050
24051
24056
24057
24060
24061
24062
24066
24067
24068
24069
24074
24075
24076
24077
24078
24079
24080
24081
24086
24087
24088
24089
24090
24091
24092
24093
24094
24095
24096
24097
24098
24099
24100
24101
24102
24103
24104
24105
24123
24124
24127
24128
24129
24130
24131
24132
24133
24134
24139
24140
24141
24142
24147
24148
24149
24150
24151
24152
24153
24154
24155
24156
24157
24158
24159
24160
24161
24162
24163
24164
24165
24166
24184
24185
24186
24187
24188
24189
24190
24191
24196
24197
24198
24199
24200
24201
24202
24203
24204
24205
24206
24207
24208
24209
24210
24211
24212
24213
24214
24215
24233
24234
24237
24238
24239
24240
24241
24242
24243
24244
24245
24246
24247
24248
24249
24250
24251
24252
24253
24254
24255
24256
24274
24275
24276
24277
24278
24279
24280
24281
24286
24287
24288
24289
24290
24291
24292
24293
24294
24295
24296
24297
24298
24299
24300
24301
24302
24303
24304
24305
24323
24324
24325
24326
24327
24328
24329
24330
24331
24332
24333
24334
24335
24336
24337
24338
24339
24340
24341
24342
24360
24361
24362
24363
24364
24370
24371
24372
24376
24377
24378
24379
24380
24381
24382
24383
24388
24389
24390
24391
24392
24393
24394
24395
24400
24401
24402
24403
24404
24405
24406
24407
24412
24413
24414
24415
24416
24417
24418
24419
24420
24421
24422
24423
24424
24425
24426
24427
24428
24429
24430
24431
24449
24450
24451
24452
24453
24454
24455
24463
24464
24465
24469
24470
24471
24472
24473
24474
24481
24482
24483
24484
24485
24486
24493
24494
24497
24498
24501
24502
24505
24506
24507
24508
24509
24510
24517
24518
24521
24522
24523
24524
24525
24526
24533
24534
24535
24536
24537
24538
24545
24546
24549
24550
24553
24554
24555
24556
24557
24558
24565
24566
24567
24568
24569
24570
24577
24578
24581
24582
24585
24586
24589
24590
24593
24594
24595
24596
24597
24598
24605
24606
24609
24610
24611
24612
24617
24619
24620
24623
24624
24627
24628
24631
24632
24633
24634
24635
24636
24643
24644
24647
24648
24651
24652
24653
24654
24655
24656
24663
24665
24666
24667
24668
24669
24670
24677
24678
24681
24682
24685
24686
24689
24690
24693
24694
24697
24698
24699
24700
24701
24702
24709
24710
24711
24712
24713
24714
24721
24722
24723
24724
24729
24730
24733
24734
24737
24738
24739
24740
24741
24742
24749
24750
24753
24754
24755
24756
24761
24762
24765
24766
24767
24768
24769
24770
24777
24778
24779
24780
24781
24782
24789
24791
24792
24795
24796
24799
24800
24801
24802
24803
24804
24811
24812
24815
24816
24819
24820
24823
24824
24827
24828
24831
24832
24835
24836
24837
24838
24839
24840
24847
24848
24851
24852
24853
24854
24855
24856
24863
24864
24867
24868
24871
24872
24873
24874
24875
24876
24883
24884
24887
24888
24891
24892
24895
24896
24899
24900
24903
24904
24907
24908
24911
24912
24913
24914
24915
24916
24923
24924
24927
24928
24931
24932
24935
24936
24939
24940
24943
24944
24945
24946
24947
24948
24955
24956
24959
24960
24963
24964
24967
24968
24971
24972
24975
24976
24979
24980
24981
24982
24983
24984
24991
24992
24995
24996
24999
25000
25003
25004
25007
25008
25011
25012
25013
25014
25015
25016
25023
25024
25027
25028
25029
25030
25031
25032
25039
25040
25043
25044
25047
25048
25051
25052
25053
25054
25055
25056
25063
25064
25067
25068
25071
25072
25075
25076
25077
25078
25079
25080
25087
25088
25091
25092
25095
25096
25099
25100
25103
25104
25105
25106
25107
25108
25115
25116
25119
25120
25121
25122
25123
25124
25131
25133
25134
25135
25136
25137
25138
25145
25146
25149
25150
25153
25154
25157
25158
25161
25162
25165
25166
25169
25170
25173
25174
25175
25176
25177
25178
25185
25186
25189
25190
25191
25192
25193
25194
25201
25202
25205
25206
25209
25211
25212
25215
25216
25219
25220
25221
25222
25223
25224
25231
25232
25233
25234
25235
25236
25243
25244
25245
25246
25247
25248
25255
25256
25259
25260
25263
25264
25267
25268
25269
25270
25271
25272
25279
25280
25283
25284
25287
25288
25291
25292
25293
25294
25295
25296
25303
25304
25307
25308
25309
25310
25311
25312
25319
25320
25321
25322
25323
25324
25331
25332
25333
25334
25335
25336
25343
25344
25345
25346
25347
25348
25355
25356
25359
25360
25363
25364
25367
25368
25371
25372
25375
25376
25379
25380
25383
25384
25385
25386
25387
25388
25395
25396
25399
25400
25403
25405
25406
25407
25408
25409
25410
25417
25418
25421
25422
25425
25426
25429
25430
25433
25434
25437
25438
25439
25440
25441
25442
25449
25450
25453
25454
25455
25456
25457
25458
25465
25466
25467
25471
25472
25475
25476
25479
25480
25481
25482
25483
25484
25491
25492
25495
25496
25499
25500
25503
25504
25505
25506
25507
25508
25515
25516
25519
25520
25523
25524
25525
25526
25527
25528
25535
25536
25537
25538
25539
25540
25547
25548
25551
25552
25555
25556
25559
25560
25563
25564
25565
25566
25567
25568
25575
25576
25577
25578
25579
25580
25587
25588
25589
25590
25591
25592
25599
25600
25603
25604
25605
25606
25607
25608
25615
25616
25619
25620
25621
25622
25623
25624
25631
25632
25635
25636
25639
25640
25641
25642
25643
25644
25651
25652
25655
25656
25659
25660
25661
25662
25663
25664
25671
25672
25675
25676
25677
25678
25683
25684
25685
25686
25687
25688
25695
25696
25697
25698
25699
25700
25707
25708
25711
25712
25715
25716
25719
25720
25723
25724
25727
25728
25729
25730
25731
25732
25739
25740
25743
25744
25747
25749
25750
25751
25752
25753
25754
25761
25762
25763
25764
25765
25766
25773
25774
25777
25778
25781
25782
25785
25786
25789
25790
25793
25795
25796
25799
25800
25801
25802
25803
25804
25811
25812
25813
25814
25815
25816
25823
25824
25827
25828
25829
25830
25831
25832
25839
25840
25843
25844
25847
25848
25849
25850
25851
25852
25859
25860
25863
25864
25865
25866
25867
25868
25875
25876
25879
25880
25883
25884
25887
25888
25889
25890
25891
25892
25899
25900
25903
25904
25907
25909
25910
25913
25914
25915
25916
25917
25918
25925
25926
25929
25930
25933
25934
25937
25938
25939
25940
25941
25942
25949
25950
25953
25954
25957
25958
25961
25962
25965
25966
25967
25968
25969
25970
25977
25978
25981
25983
25984
25987
25988
25991
25992
25993
25994
25995
25996
26003
26004
26007
26008
26011
26012
26015
26016
26017
26018
26019
26020
26027
26028
26031
26032
26033
26034
26035
26036
26043
26044
26045
26046
26051
26052
26053
26054
26055
26056
26063
26064
26067
26068
26069
26070
26071
26072
26079
26080
26083
26084
26087
26088
26091
26092
26093
26094
26095
26096
26103
26104
26107
26108
26109
26110
26115
26117
26118
26121
26122
26123
26124
26125
26126
26133
26134
26137
26138
26141
26142
26145
26146
26149
26150
26153
26154
26157
26158
26161
26162
26163
26164
26165
26166
26173
26174
26177
26178
26181
26182
26185
26186
26189
26190
26193
26194
26195
26196
26197
26198
26205
26207
26208
26211
26212
26215
26216
26217
26218
26219
26220
26227
26228
26231
26232
26233
26234
26235
26236
26243
26244
26247
26248
26251
26252
26255
26256
26259
26260
26261
26262
26263
26264
26271
26272
26273
26274
26275
26276
26283
26284
26287
26288
26291
26292
26295
26296
26299
26300
26303
26304
26305
26306
26307
26308
26315
26316
26317
26318
26319
26320
26327
26329
26330
26331
26332
26333
26334
26341
26343
26344
26347
26348
26351
26352
26355
26357
26358
26361
26362
26363
26364
26365
26366
26373
26374
26377
26378
26379
26380
26385
26386
26387
26388
26389
26390
26397
26398
26401
26402
26405
26406
26409
26410
26411
26412
26413
26414
26421
26422
26425
26426
26429
26430
26433
26434
26437
26438
26441
26442
26445
26446
26449
26450
26451
26452
26453
26454
26461
26462
26465
26466
26469
26470
26473
26474
26477
26478
26479
26480
26481
26482
26489
26490
26493
26494
26495
26496
26497
26498
26505
26506
26507
26508
26509
26510
26517
26518
26519
26520
26521
26522
26529
26530
26533
26534
26535
26536
26537
26538
26545
26546
26549
26551
26552
26555
26556
26559
26560
26563
26564
26567
26568
26569
26570
26571
26572
26579
26580
26583
26584
26585
26586
26587
26588
26595
26596
26599
26600
26603
26604
26605
26606
26611
26612
26615
26616
26619
26620
26623
26624
26625
26626
26627
26628
26635
26636
26639
26640
26643
26644
26647
26648
26651
26652
26653
26654
26655
26656
26663
26664
26665
26666
26667
26668
26675
26676
26679
26680
26683
26684
26687
26688
26691
26693
26694
26695
26696
26697
26698
26705
26706
26709
26710
26713
26714
26715
26716
26717
26718
26725
26726
26729
26730
26733
26734
26737
26739
26740
26741
26742
26743
26744
26751
26752
26753
26754
26755
26756
26763
26764
26767
26768
26771
26773
26774
26775
26776
26777
26778
26785
26786
26789
26791
26792
26793
26794
26795
26796
26803
26804
26807
26808
26811
26812
26815
26816
26819
26820
26823
26824
26825
26826
26827
26828
26835
26836
26837
26838
26839
26840
26847
26848
26851
26852
26855
26856
26857
26858
26859
26860
26867
26868
26869
26870
26871
26872
26879
26880
26881
26882
26883
26884
26891
26892
26895
26896
26899
26900
26901
26902
26903
26904
26911
26912
26913
26914
26915
26916
26923
26925
26926
26929
26930
26933
26934
26937
26938
26939
26940
26941
26942
26949
26950
26953
26954
26957
26958
26961
26962
26963
26964
26965
26966
26973
26974
26977
26978
26979
26980
26981
26982
26989
26991
26992
26995
26996
26997
26998
26999
27000
27007
27008
27011
27012
27015
27016
27017
27018
27019
27020
27027
27029
27030
27033
27034
27037
27038
27039
27040
27041
27042
27049
27050
27053
27054
27057
27058
27061
27062
27063
27064
27065
27066
27073
27074
27075
27076
27077
27078
27085
27086
27089
27091
27092
27095
27096
27099
27100
27101
27102
27103
27104
27111
27112
27115
27116
27119
27120
27123
27124
27125
27126
27127
27128
27135
27136
27139
27140
27143
27144
27145
27146
27147
27148
27155
27157
27158
27161
27162
27165
27166
27169
27170
27171
27172
27173
27174
27181
27182
27183
27184
27185
27186
27193
27195
27196
27199
27200
27201
27202
27203
27204
27211
27212
27215
27216
27217
27218
27219
27220
27227
27228
27229
27230
27231
27232
27239
27240
27243
27244
27247
27248
27251
27252
27255
27256
27259
27260
27263
27264
27265
27266
27267
27268
27275
27276
27279
27280
27283
27284
27287
27288
27289
27290
27295
27296
27299
27300
27301
27302
27303
27304
27311
27312
27315
27316
27319
27320
27321
27322
27323
27324
27331
27332
27335
27336
27337
27338
27339
27340
27347
27348
27351
27352
27355
27356
27359
27360
27363
27364
27365
27366
27367
27368
27375
27376
27379
27380
27383
27384
27387
27388
27389
27390
27391
27392
27399
27400
27403
27404
27405
27406
27407
27408
27415
27416
27419
27420
27423
27424
27427
27428
27429
27430
27431
27432
27439
27440
27441
27442
27443
27444
27451
27452
27453
27454
27455
27456
27463
27464
27467
27468
27469
27470
27471
27472
27479
27480
27483
27484
27487
27488
27491
27493
27494
27497
27498
27501
27502
27505
27506
27507
27508
27509
27510
27517
27518
27519
27520
27521
27522
27529
27531
27532
27535
27536
27539
27540
27543
27544
27545
27546
27547
27548
27555
27556
27559
27560
27561
27562
27563
27564
27571
27572
27573
27574
27575
27576
27583
27584
27587
27588
27591
27592
27595
27596
27597
27598
27599
27600
27607
27608
27611
27612
27615
27616
27619
27621
27622
27623
27624
27625
27626
27633
27634
27637
27638
27639
27640
27641
27642
27649
27651
27652
27655
27656
27659
27660
27661
27662
27663
27664
27671
27672
27675
27676
27679
27680
27681
27682
27683
27684
27691
27692
27693
27694
27695
27696
27703
27704
27707
27708
27711
27712
27715
27716
27719
27721
27722
27725
27726
27727
27728
27729
27730
27737
27738
27741
27742
27743
27744
27749
27750
27753
27754
27755
27756
27757
27758
27765
27766
27769
27770
27773
27774
27775
27776
27777
27778
27785
27787
27788
27791
27792
27795
27796
27799
27800
27803
27804
27807
27808
27809
27810
27811
27812
27819
27820
27821
27822
27823
27824
27831
27832
27835
27836
27837
27838
27839
27840
27847
27848
27851
27852
27853
27854
27855
27856
27863
27864
27867
27868
27871
27872
27873
27874
27875
27876
27883
27884
27887
27888
27889
27890
27891
27892
27899
27900
27903
27904
27905
27906
27907
27908
27915
27916
27919
27920
27923
27924
27927
27928
27929
27930
27931
27932
27939
27940
27943
27944
27947
27948
27949
27950
27951
27952
27959
27960
27963
27964
27967
27968
27971
27972
27973
27974
27975
27976
27983
27984
27987
27988
27989
27990
27991
27992
27999
28000
28003
28004
28005
28006
28007
28008
28015
28016
28019
28020
28023
28024
28027
28028
28031
28032
28033
28034
28035
28036
28043
28044
28047
28048
28051
28052
28053
28054
28055
28056
28063
28064
28067
28068
28071
28072
28075
28076
28077
28078
28079
28080
28087
28088
28091
28092
28093
28094
28095
28096
28103
28105
28106
28109
28110
28113
28114
28115
28116
28117
28118
28125
28126
28129
28130
28133
28134
28137
28138
28139
28140
28145
28146
28147
28148
28149
28150
28157
28158
28159
28160
28161
28162
28169
28170
28173
28174
28175
28176
28177
28178
28185
28186
28189
28190
28193
28194
28197
28198
28201
28202
28205
28206
28209
28210
28213
28215
28216
28219
28221
28222
28223
28224
28225
28226
28233
28234
28237
28238
28241
28242
28245
28247
28248
28249
28250
28251
28252
28259
28260
28261
28262
28263
28264
28271
28272
28275
28276
28279
28280
28283
28284
28287
28288
28289
28290
28291
28292
28299
28300
28303
28304
28307
28308
28311
28312
28315
28316
28319
28320
28323
28324
28327
28328
28329
28330
28331
28332
28339
28340
28343
28344
28345
28346
28347
28348
28355
28356
28359
28360
28363
28364
28367
28368
28369
28370
28371
28372
28379
28380
28381
28382
28383
28384
28391
28392
28393
28394
28395
28396
28403
28404
28405
28406
28407
28408
28415
28416
28419
28420
28423
28424
28427
28428
28431
28432
28435
28436
28439
28440
28443
28444
28447
28448
28449
28450
28451
28452
28459
28460
28463
28464
28467
28468
28469
28470
28471
28472
28479
28480
28483
28484
28485
28486
28487
28488
28495
28496
28499
28500
28501
28502
28503
28504
28511
28512
28515
28516
28519
28520
28521
28522
28523
28524
28531
28532
28535
28536
28539
28540
28543
28544
28547
28548
28551
28553
28554
28557
28558
28559
28560
28561
28562
28569
28570
28573
28574
28575
28576
28577
28578
28585
28587
28588
28591
28592
28593
28594
28595
28596
28603
28604
28605
28606
28607
28608
28615
28616
28619
28620
28623
28624
28625
28626
28627
28628
28635
28636
28639
28640
28643
28645
28646
28649
28650
28653
28654
28657
28658
28659
28660
28661
28662
28669
28670
28673
28674
28677
28678
28679
28680
28685
28686
28689
28690
28691
28692
28693
28694
28701
28702
28705
28706
28707
28708
28709
28710
28717
28718
28721
28722
28725
28726
28727
28728
28729
28730
28737
28738
28741
28742
28745
28746
28749
28750
28751
28752
28753
28754
28761
28762
28765
28766
28769
28771
28772
28775
28776
28777
28778
28779
28780
28787
28788
28791
28792
28795
28796
28797
28798
28799
28800
28807
28808
28811
28812
28813
28814
28815
28816
28823
28824
28825
28826
28827
28828
28835
28836
28839
28840
28841
28842
28843
28844
28851
28852
28853
28854
28855
28856
28863
28864
28867
28868
28871
28872
28873
28874
28875
28876
28883
28884
28887
28888
28889
28890
28891
28892
28899
28900
28903
28904
28907
28908
28911
28912
28913
28914
28915
28916
28923
28924
28927
28928
28931
28932
28935
28936
28939
28940
28941
28942
28943
28944
28951
28952
28955
28956
28959
28960
28963
28964
28965
28966
28967
28968
28975
28976
28977
28978
28979
28980
28987
28988
28989
28990
28991
28992
28999
29000
29001
29002
29007
29008
29011
29012
29013
29014
29015
29016
29023
29024
29027
29028
29031
29032
29033
29034
29035
29036
29043
29044
29047
29048
29051
29052
29055
29056
29057
29058
29059
29060
29067
29069
29070
29073
29074
29077
29078
29079
29080
29081
29082
29089
29090
29091
29092
29093
29094
29101
29102
29103
29104
29105
29106
29113
29114
29117
29118
29121
29122
29123
29124
29125
29126
29133
29134
29137
29138
29139
29140
29141
29142
29149
29150
29153
29154
29157
29158
29159
29160
29161
29162
29169
29170
29173
29174
29177
29178
29181
29182
29185
29186
29189
29190
29193
29194
29197
29198
29201
29202
29205
29206
29207
29208
29209
29210
29217
29219
29220
29223
29224
29227
29228
29231
29232
29233
29234
29235
29236
29243
29244
29247
29249
29251
29252
29255
29256
29257
29258
29259
29260
29267
29268
29271
29272
29273
29274
29275
29276
29283
29284
29287
29288
29291
29292
29293
29294
29295
29296
29303
29304
29307
29308
29309
29310
29311
29312
29319
29320
29321
29322
29323
29324
29331
29333
29334
29337
29338
29339
29340
29341
29342
29349
29350
29353
29354
29357
29358
29361
29362
29365
29366
29369
29370
29373
29375
29376
29377
29378
29379
29380
29387
29388
29391
29392
29395
29396
29399
29400
29401
29402
29403
29404
29411
29412
29415
29416
29419
29420
29423
29424
29427
29428
29431
29433
29434
29437
29438
29441
29442
29443
29444
29445
29446
29453
29454
29457
29459
29460
29463
29464
29467
29468
29471
29472
29473
29474
29475
29476
29483
29484
29487
29488
29489
29490
29491
29492
29499
29500
29501
29502
29503
29504
29511
29513
29514
29517
29518
29519
29520
29521
29522
29529
29530
29533
29534
29537
29538
29539
29540
29541
29542
29549
29550
29553
29554
29557
29558
29561
29562
29563
29564
29565
29566
29573
29574
29575
29576
29581
29582
29585
29586
29587
29588
29589
29590
29597
29598
29601
29602
29603
29604
29605
29606
29613
29614
29617
29618
29621
29622
29623
29624
29625
29626
29633
29634
29637
29638
29639
29640
29641
29642
29649
29650
29653
29654
29657
29658
29661
29662
29663
29664
29665
29666
29673
29674
29677
29678
29681
29682
29685
29686
29687
29688
29689
29690
29697
29698
29701
29702
29705
29706
29709
29710
29713
29714
29717
29718
29721
29722
29723
29724
29725
29726
29733
29734
29737
29738
29741
29742
29743
29744
29745
29746
29753
29754
29757
29758
29761
29762
29765
29767
29768
29769
29770
29771
29772
29779
29780
29783
29784
29787
29788
29791
29792
29795
29797
29798
29799
29800
29801
29802
29809
29810
29813
29815
29816
29817
29818
29819
29820
29827
29828
29829
29830
29831
29832
29839
29840
29843
29845
29846
29847
29848
29849
29850
29857
29858
29861
29862
29863
29864
29865
29866
29873
29874
29877
29878
29881
29882
29883
29884
29885
29886
29893
29894
29897
29898
29901
29902
29905
29906
29909
29910
29913
29914
29917
29918
29919
29920
29921
29922
29929
29930
29933
29934
29937
29938
29941
29942
29943
29944
29945
29946
29953
29954
29957
29958
29961
29962
29963
29964
29965
29966
29973
29974
29977
29978
29981
29982
29983
29984
29985
29986
29993
29994
29997
29998
29999
30000
30005
30006
30009
30010
30011
30012
30017
30018
30021
30022
30025
30026
30027
30028
30029
30030
30037
30038
30041
30042
30043
30044
30045
30046
30053
30055
30056
30059
30060
30061
30062
30063
30064
30071
30072
30073
30074
30075
30076
30083
30085
30086
30087
30088
30089
30090
30097
30098
30099
30100
30101
30102
30109
30110
30113
30114
30115
30116
30117
30118
30125
30126
30129
30130
30133
30134
30135
30136
30137
30138
30145
30146
30149
30150
30153
30154
30155
30156
30157
30158
30165
30166
30169
30170
30173
30174
30177
30178
30181
30182
30183
30184
30185
30186
30193
30195
30196
30199
30200
30203
30204
30207
30208
30209
30210
30211
30212
30219
30220
30223
30224
30225
30226
30227
30228
30235
30236
30239
30240
30243
30244
30247
30248
30249
30250
30251
30252
30259
30260
30263
30264
30267
30268
30271
30272
30273
30274
30275
30276
30283
30284
30287
30288
30291
30292
30295
30296
30297
30298
30299
30300
30307
30308
30311
30312
30315
30316
30317
30318
30323
30324
30325
30326
30327
30328
30335
30336
30339
30340
30343
30345
30346
30349
30350
30353
30354
30355
30356
30357
30358
30365
30366
30369
30370
30373
30374
30377
30378
30381
30382
30383
30384
30385
30386
30393
30394
30395
30396
30397
30398
30405
30406
30409
30411
30412
30415
30416
30419
30420
30423
30425
30426
30427
30428
30429
30430
30437
30438
30439
30440
30441
30442
30449
30451
30452
30455
30456
30457
30458
30459
30460
30467
30468
30469
30470
30471
30472
30479
30480
30481
30482
30483
30484
30491
30492
30493
30494
30499
30500
30501
30502
30503
30504
30511
30512
30513
30514
30515
30516
30523
30524
30527
30528
30531
30532
30535
30536
30539
30540
30543
30544
30545
30546
30547
30548
30555
30556
30557
30558
30559
30560
30567
30568
30571
30572
30573
30574
30575
30576
30583
30584
30587
30588
30591
30592
30595
30596
30599
30600
30603
30605
30606
30609
30610
30613
30614
30617
30619
30620
30623
30624
30627
30628
30631
30632
30635
30636
30637
30638
30639
30640
30647
30648
30649
30650
30651
30652
30659
30661
30662
30663
30664
30665
30666
30673
30674
30677
30678
30681
30682
30683
30684
30685
30686
30693
30695
30696
30699
30700
30703
30704
30705
30706
30707
30708
30715
30717
30718
30721
30722
30725
30726
30729
30730
30733
30734
30737
30738
30741
30742
30745
30746
30749
30750
30753
30754
30757
30758
30761
30762
30765
30766
30767
30768
30769
30770
30777
30778
30779
30780
30781
30782
30789
30790
30793
30794
30797
30798
30801
30802
30803
30804
30805
30806
30813
30814
30815
30816
30817
30818
30825
30826
30829
30830
30833
30834
30837
30839
30840
30843
30844
30847
30848
30849
30850
30851
30852
30859
30861
30862
30865
30866
30869
30870
30871
30872
30873
30874
30881
30882
30885
30886
30889
30890
30893
30894
30897
30898
30901
30902
30905
30906
30907
30908
30909
30910
30917
30918
30921
30922
30925
30926
30929
30930
30931
30932
30933
30934
30941
30942
30945
30946
30947
30948
30949
30950
30957
30959
30960
30963
30965
30966
30967
30968
30969
30970
30977
30978
30981
30982
30985
30986
30987
30988
30989
30990
30997
30998
31001
31002
31005
31006
31009
31010
31011
31012
31013
31014
31021
31022
31023
31024
31025
31026
31033
31034
31037
31038
31041
31042
31043
31044
31045
31046
31053
31054
31057
31058
31061
31062
31065
31066
31069
31070
31071
31072
31073
31074
31081
31082
31085
31086
31089
31090
31093
31094
31097
31098
31099
31100
31101
31102
31109
31110
31113
31114
31117
31118
31119
31120
31121
31122
31129
31130
31133
31134
31135
31136
31137
31138
31145
31146
31147
31148
31149
31150
31157
31158
31161
31162
31165
31166
31169
31170
31173
31174
31175
31176
31177
31178
31185
31186
31189
31190
31193
31194
31195
31196
31197
31198
31205
31206
31209
31210
31211
31212
31213
31214
31221
31222
31225
31226
31229
31231
31232
31235
31236
31239
31240
31243
31244
31245
31246
31247
31248
31255
31257
31258
31261
31262
31265
31266
31267
31268
31269
31270
31277
31278
31281
31282
31283
31284
31285
31286
31293
31295
31296
31297
31298
31299
31300
31307
31308
31311
31312
31313
31314
31315
31316
31323
31324
31325
31326
31327
31328
31335
31336
31339
31340
31343
31344
31347
31348
31351
31352
31355
31356
31357
31358
31359
31360
31367
31368
31371
31372
31375
31376
31379
31380
