MAYBE COND  948  [1, 1428, 1, 1024, 1] -> after final jump
MAYBE COND  1196 [1, 1428, 1, 1272, 1] ''
MAYBE COND  2045 [1, 2525, 1, 2121, 1] ''
MAYBE COND  2293 [1, 2525, 1, 2369, 1] ''
MAYBE COND  3044 [1, 3270, 1, 3120, 1] ''
MAYBE COND  3379 [1, 3859, 1, 3455, 1] -> first char check
MAYBE COND  3627 [1, 3859, 1, 3703, 1] -> first char check
MAYBE COND  3924 [1, 4404, 1, 4000, 1] -> dunno
MAYBE COND  4172 [1, 4404, 1, 4248, 1] -> dunno
MAYBE COND  5013 [1, 5239, 1, 5089, 1] -> done to see if we processed every char (range from -14 to 0)
MAYBE COND  5452 [1, 5678, 1, 5528, 1] -> in loop1, -7 to 0
MAYBE COND  6071 [1, 6297, 1, 6147, 1] -> in loop2, -16 to 0
MAYBE COND  6316 [1, 7922, 1, 6392, 1] -> loop2, check if 2x+1 < 0
MAYBE COND  6592 [1, 7923, 1, 6668, 1]
MAYBE COND  6904 [1, 7384, 1, 6980, 1]
MAYBE COND  7152 [1, 7384, 1, 7228, 1]
MAYBE COND  7434 [1, 7914, 1, 7510, 1]
MAYBE COND  7682 [1, 7914, 1, 7758, 1]
MAYBE COND  8288 [1, 8768, 1, 8364, 1]
MAYBE COND  8536 [1, 8768, 1, 8612, 1]
MAYBE COND  8869 [1, 9349, 1, 8945, 1]
MAYBE COND  9117 [1, 9349, 1, 9193, 1]

if override t[2936] to 1, WIN
1 [1, 2, 4, 8, 16, 32, 64, 65, 130, 260, 261, 522, 1044, 2088, 4176, 8352]
3 [8352, 16704, -32128, 1280, 1281, 2562, 5124, 10248, 20496, -24544, 16448, 16449, -32638, -32637, 262, 263, 526, 1052, 2104, 4208, 8416]
5 [8416, 16832, -31872, 1792, 1793, 3586, 7172, 14344, 28688, -8160, -16320, -16319, -32638, 260, 520, 1040, 2080, 4160, 4161, 8322, 8323]

1 [1, 2, 4, 8, 16, 32, 64, 65, 130, 260, 261, 522, 1044, 2088, 4176, 8352]
3 [8352, 16704, -32128, 1280, 1281, 2562, 5124, 10248, 20496, -24544, 16448, 16449, -32638, -32637, 262, 263, 526, 1052, 2104, 4208, 8416]
5 [8416, 16832, -31872, 1792, 1793, 3586, 7172, 14344, 28688, -8160, -16320, -16319, -32638, 260, 520, 1040, 2080, 4160, 4161, 8322, 8323]

7826: some exponentiation scheme, recurrent based on inputs

2880: (c2-20) << 7 + c1
check at 8537 changes 8612
JUMPS:
8344: no more chars

========= on cond 949
========= on cond 1197
========= on cond 2046
========= on cond 2294
========= on cond 3045
========= on cond 3380
========= on cond 3628
========= on cond 3925
========= on cond 4173
========= on cond 5014
1 [-14]
3 [-13]
5 [-12]
7 [-11]
9 [-10]
11 [-9]
13 [-8]
15 [-7]
17 [-6]
19 [-5]
21 [-4]
23 [-3]
25 [-2]
27 [-1]
29 [0]
========= on cond 5453
1 [-7, -6, -5, -4, -3, -2, -1, 0]
3 [-7, -6, -5, -4, -3, -2, -1, 0]
5 [-7, -6, -5, -4, -3, -2, -1, 0]
7 [-7, -6, -5, -4, -3, -2, -1, 0]
9 [-7, -6, -5, -4, -3, -2, -1, 0]
11 [-7, -6, -5, -4, -3, -2, -1, 0]
13 [-7, -6, -5, -4, -3, -2, -1, 0]
15 [-7, -6, -5, -4, -3, -2, -1, 0]
17 [-7, -6, -5, -4, -3, -2, -1, 0]
19 [-7, -6, -5, -4, -3, -2, -1, 0]
21 [-7, -6, -5, -4, -3, -2, -1, 0]
23 [-7, -6, -5, -4, -3, -2, -1, 0]
25 [-7, -6, -5, -4, -3, -2, -1, 0]
27 [-7, -6, -5, -4, -3, -2, -1, 0]
29 [-7, -6, -5, -4, -3, -2, -1, 0]
========= on cond 6072
1 [-16, -15, -14, -13, -12, -11, -10, -9, -8, -7, -6, -5, -4, -3, -2, -1, 0]
3 [-16, -15, -14, -13, -12, -11, -10, -9, -8, -7, -6, -5, -4, -3, -2, -1, 0]
5 [-16, -15, -14, -13, -12, -11, -10, -9, -8, -7, -6, -5, -4, -3, -2, -1, 0]
7 [-16, -15, -14, -13, -12, -11, -10, -9, -8, -7, -6, -5, -4, -3, -2, -1, 0]
9 [-16, -15, -14, -13, -12, -11, -10, -9, -8, -7, -6, -5, -4, -3, -2, -1, 0]
11 [-16, -15, -14, -13, -12, -11, -10, -9, -8, -7, -6, -5, -4, -3, -2, -1, 0]
13 [-16, -15, -14, -13, -12, -11, -10, -9, -8, -7, -6, -5, -4, -3, -2, -1, 0]
15 [-16, -15, -14, -13, -12, -11, -10, -9, -8, -7, -6, -5, -4, -3, -2, -1, 0]
17 [-16, -15, -14, -13, -12, -11, -10, -9, -8, -7, -6, -5, -4, -3, -2, -1, 0]
19 [-16, -15, -14, -13, -12, -11, -10, -9, -8, -7, -6, -5, -4, -3, -2, -1, 0]
21 [-16, -15, -14, -13, -12, -11, -10, -9, -8, -7, -6, -5, -4, -3, -2, -1, 0]
23 [-16, -15, -14, -13, -12, -11, -10, -9, -8, -7, -6, -5, -4, -3, -2, -1, 0]
25 [-16, -15, -14, -13, -12, -11, -10, -9, -8, -7, -6, -5, -4, -3, -2, -1, 0]
27 [-16, -15, -14, -13, -12, -11, -10, -9, -8, -7, -6, -5, -4, -3, -2, -1, 0]
29 [-16, -15, -14, -13, -12, -11, -10, -9, -8, -7, -6, -5, -4, -3, -2, -1, 0]
========= on cond 6317
1 [8352, 16705, -32125, 1287, 2575, 5151, 10303, 20607, -24321, 16895, -31745, 2047, 4095, 8191, 16383, 32767]
3 [8385, 16771, -31993, 1551, 3103, 6207, 12415, 24831, -15873, -31745, 2047, 4095, 8191, 16383, 32767, -1]
5 [8385, 16771, -31993, 1551, 3103, 6207, 12415, 24831, -15873, -31745, 2047, 4095, 8191, 16383, 32767, -1]
7 [8385, 16771, -31993, 1551, 3103, 6207, 12415, 24831, -15873, -31745, 2047, 4095, 8191, 16383, 32767, -1]
9 [8385, 16771, -31993, 1551, 3103, 6207, 12415, 24831, -15873, -31745, 2047, 4095, 8191, 16383, 32767, -1]
11 [8385, 16771, -31993, 1551, 3103, 6207, 12415, 24831, -15873, -31745, 2047, 4095, 8191, 16383, 32767, -1]
13 [8385, 16771, -31993, 1551, 3103, 6207, 12415, 24831, -15873, -31745, 2047, 4095, 8191, 16383, 32767, -1]
15 [8385, 16771, -31993, 1551, 3103, 6207, 12415, 24831, -15873, -31745, 2047, 4095, 8191, 16383, 32767, -1]
17 [8385, 16771, -31993, 1551, 3103, 6207, 12415, 24831, -15873, -31745, 2047, 4095, 8191, 16383, 32767, -1]
19 [8385, 16771, -31993, 1551, 3103, 6207, 12415, 24831, -15873, -31745, 2047, 4095, 8191, 16383, 32767, -1]
21 [8385, 16771, -31993, 1551, 3103, 6207, 12415, 24831, -15873, -31745, 2047, 4095, 8191, 16383, 32767, -1]
23 [8385, 16771, -31993, 1551, 3103, 6207, 12415, 24831, -15873, -31745, 2047, 4095, 8191, 16383, 32767, -1]
25 [8385, 16771, -31993, 1551, 3103, 6207, 12415, 24831, -15873, -31745, 2047, 4095, 8191, 16383, 32767, -1]
27 [8385, 16771, -31993, 1551, 3103, 6207, 12415, 24831, -15873, -31745, 2047, 4095, 8191, 16383, 32767, -1]
29 [8385, 16771, -31993, 1551, 3103, 6207, 12415, 24831, -15873, -31745, 2047, 4095, 8191, 16383, 32767, -1]
========= on cond 6593
1 [0, 1, 3, 7, 15, 31, 63, 127, 255, 511, 1023, 2047, 4095, 8191, 16383, 32767]
3 [33, 67, 135, 271, 543, 1087, 2175, 4351, 8703, 17407, -30721, 4095, 8191, 16383, 32767, -1]
5 [66, 133, 267, 535, 1071, 2143, 4287, 8575, 17151, -31233, 3071, 6143, 12287, 24575, -16385, 32767]
7 [99, 199, 399, 799, 1599, 3199, 6399, 12799, 25599, -14337, -28673, 8191, 16383, 32767, -1, -1]
9 [132, 265, 531, 1063, 2127, 4255, 8511, 17023, -31489, 2559, 5119, 10239, 20479, -24577, 16383, 32767]
11 [165, 331, 663, 1327, 2655, 5311, 10623, 21247, -23041, 19455, -26625, 12287, 24575, -16385, 32767, -1]
13 [198, 397, 795, 1591, 3183, 6367, 12735, 25471, -14593, -29185, 7167, 14335, 28671, -8193, -16385, 32767]
15 [231, 463, 927, 1855, 3711, 7423, 14847, 29695, -6145, -12289, -24577, 16383, 32767, -1, -1, -1]
17 [264, 529, 1059, 2119, 4239, 8479, 16959, -31617, 2303, 4607, 9215, 18431, -28673, 8191, 16383, 32767]
19 [297, 595, 1191, 2383, 4767, 9535, 19071, -27393, 10751, 21503, -22529, 20479, -24577, 16383, 32767, -1]
21 [330, 661, 1323, 2647, 5295, 10591, 21183, -23169, 19199, -27137, 11263, 22527, -20481, 24575, -16385, 32767]
23 [363, 727, 1455, 2911, 5823, 11647, 23295, -18945, 27647, -10241, -20481, 24575, -16385, 32767, -1, -1]
25 [396, 793, 1587, 3175, 6351, 12703, 25407, -14721, -29441, 6655, 13311, 26623, -12289, -24577, 16383, 32767]
27 [429, 859, 1719, 3439, 6879, 13759, 27519, -10497, -20993, 23551, -18433, 28671, -8193, -16385, 32767, -1]
29 [462, 925, 1851, 3703, 7407, 14815, 29631, -6273, -12545, -25089, 15359, 30719, -4097, -8193, -16385, 32767]
========= on cond 6905
1 [0, 0, 1, 0, 0, 0, 0, 0, 1, 0, 1, 0, 0, 0, 0, 0]
3 [0, 0, 1, 0, 0, 0, 0, 0, 1, 1, 1, 0, 0, 0, 0, 2]
5 [0, 0, 1, 0, 0, 0, 0, 0, 1, 2, 0, 0, 0, 0, 1, 1]
7 [0, 0, 1, 0, 0, 0, 0, 0, 1, 2, 1, 0, 0, 0, 1, 2]
9 [0, 0, 1, 0, 0, 0, 0, 0, 2, 1, 0, 0, 0, 1, 0, 1]
11 [0, 0, 1, 0, 0, 0, 0, 0, 2, 1, 1, 0, 0, 1, 0, 2]
13 [0, 0, 1, 0, 0, 0, 0, 0, 2, 2, 0, 0, 0, 1, 1, 1]
15 [0, 0, 1, 0, 0, 0, 0, 0, 2, 2, 1, 0, 0, 1, 1, 2]
17 [0, 0, 1, 0, 0, 0, 0, 1, 1, 1, 0, 0, 1, 0, 0, 1]
19 [0, 0, 1, 0, 0, 0, 0, 1, 1, 1, 1, 0, 1, 0, 0, 2]
21 [0, 0, 1, 0, 0, 0, 0, 1, 1, 2, 0, 0, 1, 0, 1, 1]
23 [0, 0, 1, 0, 0, 0, 0, 1, 1, 2, 1, 0, 1, 0, 1, 2]
25 [0, 0, 1, 0, 0, 0, 0, 1, 2, 1, 0, 0, 1, 1, 0, 1]
27 [0, 0, 1, 0, 0, 0, 0, 1, 2, 1, 1, 0, 1, 1, 0, 2]
29 [0, 0, 1, 0, 0, 0, 0, 1, 2, 2, 0, 0, 1, 1, 1, 1]
========= on cond 7153
1 [-1, -1, 0, -1, -1, -1, -1, -1, 0, -1, 0, -1, -1, -1, -1, -1]
3 [-1, -1, 0, -1, -1, -1, -1, -1, 0, 0, 0, -1, -1, -1, -1, 1]
5 [-1, -1, 0, -1, -1, -1, -1, -1, 0, 1, -1, -1, -1, -1, 0, 0]
7 [-1, -1, 0, -1, -1, -1, -1, -1, 0, 1, 0, -1, -1, -1, 0, 1]
9 [-1, -1, 0, -1, -1, -1, -1, -1, 1, 0, -1, -1, -1, 0, -1, 0]
11 [-1, -1, 0, -1, -1, -1, -1, -1, 1, 0, 0, -1, -1, 0, -1, 1]
13 [-1, -1, 0, -1, -1, -1, -1, -1, 1, 1, -1, -1, -1, 0, 0, 0]
15 [-1, -1, 0, -1, -1, -1, -1, -1, 1, 1, 0, -1, -1, 0, 0, 1]
17 [-1, -1, 0, -1, -1, -1, -1, 0, 0, 0, -1, -1, 0, -1, -1, 0]
19 [-1, -1, 0, -1, -1, -1, -1, 0, 0, 0, 0, -1, 0, -1, -1, 1]
21 [-1, -1, 0, -1, -1, -1, -1, 0, 0, 1, -1, -1, 0, -1, 0, 0]
23 [-1, -1, 0, -1, -1, -1, -1, 0, 0, 1, 0, -1, 0, -1, 0, 1]
25 [-1, -1, 0, -1, -1, -1, -1, 0, 1, 0, -1, -1, 0, 0, -1, 0]
27 [-1, -1, 0, -1, -1, -1, -1, 0, 1, 0, 0, -1, 0, 0, -1, 1]
29 [-1, -1, 0, -1, -1, -1, -1, 0, 1, 1, -1, -1, 0, 0, 0, 0]
========= on cond 7435
1 [0, 0, 0]
3 [0, 0, 0, 0, 1]
5 [0, 0, 1, 0, 0]
7 [0, 0, 1, 0, 0, 1]
9 [0, 1, 0, 0, 0]
11 [0, 1, 0, 0, 0, 1]
13 [0, 1, 1, 0, 0, 0]
15 [0, 1, 1, 0, 0, 0, 1]
17 [0, 0, 0, 0, 0, 0]
19 [0, 0, 0, 0, 0, 0, 1]
21 [0, 0, 0, 1, 0, 0, 0]
23 [0, 0, 0, 1, 0, 0, 0, 1]
25 [0, 0, 1, 0, 0, 0, 0]
27 [0, 0, 1, 0, 0, 0, 0, 1]
29 [0, 0, 1, 1, 0, 0, 0, 0]
========= on cond 7683
1 [-1, -1, -1]
3 [-1, -1, -1, -1, 0]
5 [-1, -1, 0, -1, -1]
7 [-1, -1, 0, -1, -1, 0]
9 [-1, 0, -1, -1, -1]
11 [-1, 0, -1, -1, -1, 0]
13 [-1, 0, 0, -1, -1, -1]
15 [-1, 0, 0, -1, -1, -1, 0]
17 [-1, -1, -1, -1, -1, -1]
19 [-1, -1, -1, -1, -1, -1, 0]
21 [-1, -1, -1, 0, -1, -1, -1]
23 [-1, -1, -1, 0, -1, -1, -1, 0]
25 [-1, -1, 0, -1, -1, -1, -1]
27 [-1, -1, 0, -1, -1, -1, -1, 0]
29 [-1, -1, 0, 0, -1, -1, -1, -1]
========= on cond 8186
1 [8352]
3 [8416]
5 [8323]
7 [8354]
9 [8261]
11 [8292]
13 [8199]
15 [8230]
17 [8649]
19 [8680]
21 [8587]
23 [8618]
25 [8525]
27 [8556]
29 [8463]
========= on cond 8241
1 [-897]
3 [-3313]
5 [-3231]
7 [-3759]
9 [-1914]
11 [-3119]
13 [-9385]
15 [-9771]
17 [-7570]
19 [-1843]
21 [-1687]
23 [-9972]
25 [-2015]
27 [-3711]
29 [-1953]
========= on cond 8289 -> ON ADDR 2681
1 [9249]
3 [11729]
5 [11554]
7 [12113]
9 [10175]
11 [11411]
13 [17584]
15 [18001]
17 [16219]
19 [10523]
21 [10274]
23 [18590]
25 [10540]
27 [12267]
29 [10416]
========= on cond 8537
1 [9248]
3 [11728]
5 [11553]
7 [12112]
9 [10174]
11 [11410]
13 [17583]
15 [18000]
17 [16218]
19 [10522]
21 [10273]
23 [18589]
25 [10539]
27 [12266]
29 [10415]
========= on cond 8870
========= on cond 9118



2707: referenced at: *(*2707 - 2) <- *2936
  2709
  2715
  2721
  2760
  2832
  9374 -> re
  9489


(op addr) 2915: references 2681


FINAL conds 
========= on cond 949 # if 1, win, -> use var 346, set from 339, set from 2936. Win if 339=-1
-1 [0]
========= on cond 1197 # if 0, win
-1 [-1]
========= on cond 2046
-1 [13]
========= on cond 2294
========= on cond 3045
========= on cond 3380
========= on cond 3628
========= on cond 3925
========= on cond 4173
========= on cond 5014
========= on cond 5453
========= on cond 6072
========= on cond 6317
========= on cond 6593
========= on cond 6905
========= on cond 7153
========= on cond 7435
========= on cond 7683
========= on cond 8186
========= on cond 8241
========= on cond 8289
========= on cond 8537
========= on cond 8870 # if 0, win
-1 [105]
========= on cond 9118
-1 [104]
========= on MEM WATCH 2681
========= on MEM WATCH 7926

