20000000
db000000
ab876279
4fef7f2d
05 00 00 02 00000000
05 01 01 03 00000000

01 0f 00 00 00000000
01 0e 00 00 b979379e
01 0d 00 00 00000000

08 02 01 00 04000000
07 03 01 00 05000000

05 02 02 03 00000000
02 02 02 01 00000000

01 0c 00 00 03000000
03 0b 0d 0c 00000000

09 0a 04 0b 00000000
02 0a 0a 0d 00000000

05 02 02 0a 00000000

02 00 00 02 00000000
02 0d 0d 0e 00000000
08 02 00 00 04000000
07 03 00 00 05000000

05 02 02 03 00000000
02 02 02 00 00000000
01 0c 00 00 03000000

M2====

07 09 0d 00 0b000000
03 0b 09 0c 00000000
09 0a 04 0b 00000000
02 0a 0a 0d 00000000
===

05 02 02 0a 00000000
02 01 01 02 00000000
01 08 00 00 01000000
02 0f 0f 08 00000000
01 08 00 00 40000000
0b 00 0f 08 05000000
0c 00 00 00 00000000
585858585858585858585858585858585858585852454441435445445858585858585858585858585858585858585858585852454441435445445858585858585858585858585858585858585858585858585858585858585858524544414354454458585858585858585858585858585858585858585858585858585858585858585858585858585858585858585858585858585852454441435445445858585858585858585858585858585858585858585858585858585858585858585858585858585858585858585858585858585858585858585858585858
